14.3586 37.8133 -200.542 -68.4149 -17.0136 -284.562 208.838 3.36337 52.7019 106.277 
95.2073 242.079 -220.235 -33.5519 136.613 -356.341 221.011 -126.379 112.287 115.135 
112.556 346.351 73.7741 -302.52 -79.8041 -45.5669 -57.6622 -13.6163 189.716 -107.021 
-269.779 85.1543 203.445 -131.418 -81.1993 83.2177 -489.258 -200.665 324.939 78.6068 
188.518 -248.186 239.191 393.548 -424.31 -338.907 433.243 32.9024 40.0014 -74.8075 
128.747 -176.194 -103.265 -5.52714 -106.966 -132.856 162.306 354.047 231.348 -168.967 
176.374 -270.812 -131.313 -130.103 -12.7632 -115.658 75.7241 78.5132 219.784 -239.22 
-185.972 204.141 159.833 -110.691 -56.3396 -14.578 -173.283 51.534 72.1559 -83.7296 
-21.6701 45.2733 134.036 -65.411 -66.2709 395.609 -0.919292 -243.639 92.4177 -133.756 
-284.217 117.71 49.5966 30.7337 218.153 296.737 -193.933 -170.981 -38.2718 147.289 
170.162 40.1584 -317.596 -147.913 178.481 -49.1874 -154.204 262.65 389.836 325.693 
-270.338 -374.752 -278.164 -109.748 103.544 289.311 -31.2216 -1.7486 1.63328 213.564 
417.553 -99.3968 29.7131 88.924 -2.92203 -134.481 -206.109 176.648 162.764 136.41 
-434.489 116.425 -65.1678 -186.5 -45.4304 249.071 -197.675 138.358 -143.012 155.926 
-69.8239 84.4934 -73.9252 -97.2648 78.1034 31.0538 -51.7251 -71.9017 -49.7339 -22.801 
-17.6689 186.882 -176.382 -70.1171 -231.402 -294.837 84.8681 266.951 244.82 -137.874 
-54.0466 198.296 -126.288 -221.875 -183.867 505.925 -247.994 84.4156 -134.872 -228.05 
-71.0173 381.609 162.861 -273.991 252.372 68.2435 -298.071 -77.3303 -21.8415 -64.4687 
81.0249 -11.349 -201.145 242.226 204.621 94.7215 -117.899 -218.932 -237.888 -235.864 
-93.8043 37.0855 -110.079 -328.782 -68.454 52.4546 134.465 -32.0654 -151.322 513.758 
77.9398 26.0174 363.973 -35.0836 -80.5024 56.0854 282.505 -81.1168 2.57911 -153.01 
294.185 -147.147 171.841 614.331 -271.457 -400.583 157.144 61.1806 17.8979 88.1489 
-15.5089 -292.568 200.88 266 50.4192 -59.1535 31.3195 89.9241 -209.363 -29.5382 
177.779 -447.733 -261.481 12.8465 110.405 211.656 -204.823 85.8266 -15.8723 -41.2686 
320.548 206.377 149.644 -412.775 -27.2322 -114.807 -490.797 -62.2742 228.494 -352.447 
-20.3352 348.932 84.7602 -38.7142 413.055 -149.007 -113.044 -4.13676 420.26 353.375 
228.583 364.452 -70.829 104.683 -111.24 10.4579 74.8557 3.27779 273.076 -70.8894 
-106.517 -280.632 258.407 130.509 366.885 124.137 323.873 -56.7089 395.527 47.3954 
-313.933 -108.906 117.658 -37.9735 -6.45517 -153.666 -57.3061 19.1277 -337.682 -20.2475 
-218.178 78.9072 69.8755 -113.8 60.8968 5.35134 -139.868 68.6749 92.9435 222.563 
34.0157 72.4889 23.1132 41.6346 -21.078 -0.327399 375.872 -186.137 -63.707 156.81 
-110.069 -197.47 -261.07 168.59 215.762 488.45 77.0439 129.8 233.096 78.7854 
344.612 311.54 -422.984 -75.9435 -65.6107 94.9234 -123.667 243.056 120.558 -185.917 
-60.125 -1.68756 -54.0518 -199.479 297.616 -177.114 172.087 60.8942 274.482 -20.9906 
-188.067 -198.876 24.4441 -87.2782 81.435 -62.1515 93.0886 0.0086386 -354.671 -150.839 
-52.9186 16.4406 -59.8713 -224.737 -8.9302 131.923 186.544 -221.718 223.717 -387.867 
-133.695 224.611 -255.458 -254.456 -228.207 93.5674 222.054 170.092 113 249.665 
-117.905 -406.722 -86.3885 -57.0096 227.512 203.177 -336.293 -64.3058 -73.893 143.028 
311.385 110.359 5.62842 54.4427 -341.45 169.212 -38.7173 275.631 40.4691 -231.018 
5.79131 -90.3822 -238.666 107.148 -341.02 -132.248 23.1314 39.5893 -120.497 162.024 
299.304 -118.952 230.636 21.139 186.054 76.1705 -276.611 15.5937 157.891 40.3784 
-242.423 381.06 119.986 -74.1191 29.6795 118.785 -389.118 53.4774 -42.8423 -166.488 
64.7031 26.1498 -130.406 -162.247 -96.4947 -331.211 25.8247 127.493 -173.742 124.343 
56.5655 -369.513 -487.757 573.268 62.2164 99.1954 137.783 99.6745 -392.999 26.9554 
183.994 -451.957 -272.102 -37.3166 161.664 357.046 -293.623 329.183 -313.996 -179.402 
-107.799 93.9484 -52.6813 251.352 25.4463 -73.6322 126.229 -43.349 -60.3636 191.051 
-8.56558 345.836 -29.6188 -83.7695 254.321 140.316 95.0142 -100.11 190.344 -21.4075 
95.906 -90.7012 206.293 -133.317 -72.4342 -2.16502 139.739 -152.409 168.778 73.2626 
228.211 37.7689 265.646 -159.427 -121.66 -151.143 0.458146 -16.603 -288.585 78.7059 
157.62 7.89467 -264.323 144.124 -226.769 -395.794 220.89 -82.7928 -23.6727 -19.4613 
-34.4365 312.89 19.5043 -277.168 -11.8071 -43.3332 -226.242 -4.48092 -172.682 -79.3059 
19.7607 97.349 -230.772 -102.229 -239.288 132.387 81.8504 -33.2235 -181.968 -47.3765 
-172.725 -178.888 67.4476 -122.323 -101.616 439.743 -68.5579 -25.9343 -183.596 -99.1642 
175.747 -138.215 -147.703 -13.0502 -24.0466 -13.2268 112.907 269.56 -0.779337 73.419 
42.8673 -58.0162 -253.327 -9.62056 -37.9343 -223.814 -37.9913 82.7551 -241.851 169.186 
92.0684 -26.3033 -238.912 -109.526 377.303 -399.143 163.815 456.084 -55.8629 291.913 
25.082 -34.6508 178.769 129.398 234.223 34.6724 -110.252 31.6527 36.8897 -78.6192 
-241.802 127.516 -134.125 193.573 46.6257 -35.3137 74.5393 -159.265 289.902 -206.162 
114.796 -157.914 -301.154 402.064 223.511 -145.827 -75.6289 177.892 8.04693 136.348 
38.7057 27.1632 -231.561 26.1252 -213.372 -418.729 142.204 91.5281 -162.887 219.476 
-144.79 33.3605 95.3985 -209.193 304.58 -85.5318 -100.272 -211.556 243.173 -72.6088 
351.369 -151.354 -14.772 -62.1035 207.949 189.8 100.933 -207.75 -410.632 38.4214 
-165.713 -94.4005 87.4192 15.683 -298.607 -90.1123 446.925 254.314 118.173 -40.2532 
-116.791 -69.6126 -117.672 191.314 -207.141 9.5218 -183.701 -130.336 -51.5626 156.29 
-156.497 -34.0708 -214.65 -213.94 311.758 215.77 63.6503 -12.5541 404.413 32.2332 
-55.1369 -219.852 115.523 157.58 369.912 28.373 -64.4061 121.825 262.997 212.853 
-84.5611 247.714 83.549 93.2348 275.023 272.994 -347.626 72.164 -172.494 32.5071 
-45.2359 -210.776 -172.126 -18.4895 -50.9401 -95.1366 -67.2805 50.9998 -515.34 -85.5818 
-169.311 18.4037 104.507 183.772 27.0271 26.9078 -162.272 -213.22 -153.946 166.004 
-323.275 260.319 -230.841 66.154 -28.0296 -89.0399 505.282 195.813 -70.7376 -80.0264 
-66.2367 -182.325 127.43 346.714 60.1501 -268.159 -32.3485 164.099 194.262 -18.4861 
-159.551 -28.8237 333.145 3.48115 -185.022 -131.054 288.034 86.7387 45.8992 -94.8663 
3.32402 -322.003 287.691 58.7768 111.82 67.068 -93.1411 47.54 112.915 -188.292 
-265.921 -102.373 -123.532 -170.374 186.37 98.5616 126.891 -57.2329 -89.957 19.438 
14.7005 147.034 115.831 -296.393 -253.643 -44.004 -121.446 158.439 -247.541 -251.241 
79.4517 49.8577 -141.754 15.7632 147.823 -322.479 -84.3775 144.575 55.4284 -94.9569 
-261.193 88.7871 277.383 -133.895 -233.272 120.401 86.5356 -150.224 -208.94 64.0944 
185.479 53.3708 169.474 89.6149 -250.741 111.93 132.288 49.4516 17.0635 -130.079 
-175.223 -44.5323 -103.691 191.725 -100.129 -231.777 93.3317 67.2553 -62.5094 88.8376 
-300.506 -123.71 -68.8057 299.935 146.746 58.7973 285.842 -450.137 -305.844 -17.91 
270.388 -157.921 -215.022 -49.1989 108.918 89.7611 220.302 -245.6 -109.64 -124.092 
117.795 -103.105 -129.26 -334.508 -28.2444 128.058 211.458 137.797 106.2 184.23 
-337.253 -225.762 -154.484 -305.212 -97.8009 466.612 198.157 -190.149 152.585 14.3383 
31.3743 -305.597 -246.712 244.435 123.513 75.2884 -242.614 211.321 -129.154 115.967 
-137.409 182.478 24.6713 -171.564 -148.891 -154.003 -99.9019 195.044 473.721 -51.4408 
-17.9659 3.01038 175.115 -230.176 -59.3928 190.242 -239.544 490.404 60.5891 47.0483 
-76.9336 -161.479 108.666 199.896 64.2686 224.088 132.029 -140.435 128.443 -216.308 
48.1759 640.194 77.9347 205.572 -37.0759 -56.2878 83.8841 -107.335 325.034 78.6742 
116.859 100.129 -258.409 -144.267 224.792 95.0896 294.991 56.7618 172.016 72.9366 
128.138 -192.29 180.858 55.3787 -96.213 15.8287 -176.129 41.8058 -107.881 -144.28 
-92.6013 280.439 86.2476 -145.623 227.895 126.694 -43.7187 96.3028 45.2291 -42.552 
-56.9872 68.4949 207.235 76.6171 -31.7591 -12.2273 -268.062 152.81 -32.2059 27.2332 
111.759 154.346 30.814 -520.416 91.6244 334.49 45.4363 -59.3547 283.56 -246.373 
151.002 -37.0242 -407.191 -78.4203 217.745 226.531 457.338 -22.5628 63.1426 82.0074 
-56.6374 -99.0935 182.124 -113.966 105.84 -58.587 238.817 200.493 -58.4401 -185.43 
16.6651 -213.02 -163.837 49.0869 -104.438 -44.1122 147.395 79.8003 -486.629 156.627 
-2.24433 -33.379 -72.8342 -11.1745 -78.2235 110.489 28.7257 -349.792 -103.707 -10.0872 
63.0185 -298.561 -85.0085 168.79 77.3277 -259.274 -126.01 -210.902 -77.6137 201.98 
-8.69193 -106.099 207.582 -225.545 -461.293 329.895 -157.337 -222.069 18.3181 -2.87426 
105.578 -175.633 102.348 65.2263 -387.163 -418.403 -125.394 147.16 -180.466 -105.628 
65.9662 -16.2449 -19.7507 -179.352 421.14 139.099 293.241 -269.79 -105.761 67.6613 
48.4739 -66.644 -461.245 143.028 -103.42 258.763 -228.391 -221.253 -189.677 -138.656 
130.687 17.8154 131.587 216.931 119.801 -57.0871 43.434 86.2953 -295.167 -182.703 
-64.1355 107.163 207.352 -194.956 47.0177 -185.759 154.332 -386.753 126.169 41.4918 
-95.7083 -64.2922 -22.2059 -92.8094 104.792 -162.204 335.315 164.94 190.3 62.4228 
31.0768 -43.4237 178.254 -40.1372 -8.50918 62.3352 -56.0415 -17.4233 205.92 4.00904 
-243.025 -45.9024 442.629 -277.275 -47.1003 -209.291 -60.8637 -102.13 161.162 184.852 
70.3198 -262.831 154.446 -126.684 80.3088 -287.116 -176.662 -157.585 251.033 17.6331 
31.6839 33.3233 150.735 -124.675 193.843 -291.458 -48.0124 265.551 140.337 -36.9157 
-140.091 -106.533 -147.808 134.463 79.0656 77.2562 149.954 -66.9488 121.467 236.099 
-91.1174 5.0723 -95.722 17.174 68.5178 223.714 -73.2327 157.283 -148.991 -104.477 
230.299 55.2716 -157.37 -40.1501 97.8204 70.7146 14.4338 -158.899 36.7749 85.5923 
415.478 110.615 -94.2123 258.321 -153.567 105.053 -195.84 -149.869 22.2383 99.7477 
-213.564 -45.5967 -204.584 104.084 86.4879 79.7308 -196.336 122.585 5.42847 127.237 
-236.807 186.524 350.805 -196.835 -96.4599 239.533 -19.6023 202.381 339.297 -52.7751 
35.2685 -294.043 47.5528 114.722 -163.208 -73.692 -234.483 -266.645 -30.449 118.004 
374.464 -42.012 381.776 -99.8576 75.9679 234.33 518.466 -366.143 29.4763 155.299 
511.862 -319.328 -194.23 68.4484 -14.9021 49.8492 208.643 244.28 190.042 -291.44 
-175.022 -45.2385 331.57 -23.5345 19.3234 73.9599 -11.8204 121.262 9.89139 -4.79247 
-78.9973 -76.7367 -3.24811 134.289 284.614 -24.3063 -383.751 202.511 -108.555 28.5392 
-110.245 17.6817 -195.101 167.282 101.099 22.9306 55.1274 -30.1684 -142.3 127.201 
333.65 124.49 377.731 -86.1497 -399.348 -227.567 290.555 -125.208 -149.616 -188.402 
-177.099 163.685 -167.442 241.931 -129.603 -98.5193 90.501 -65.0232 -0.688672 157.549 
-6.06591 -69.4307 12.0093 66.016 -0.453903 -6.06835 -100.492 -12.3053 -60.7612 126.549 
-188.162 197.397 -54.0042 55.6145 139.754 129.729 3.22711 -88.0085 51.9554 59.6187 
68.8067 -279.503 -126.493 -314.954 33.3608 -23.3524 -45.9181 7.95689 -69.7361 77.2555 
-226.716 66.0958 -41.6565 -333.22 -124.019 44.1011 123.319 115.109 65.3204 -39.4573 
-41.0951 -281.638 -183.851 284.749 270.085 39.6509 11.4905 106.195 -46.0937 160.309 
327.682 -23.8195 320.034 269.242 32.21 -47.6326 -123.806 -268.101 219.457 -159.052 
19.3602 121.368 -109.654 -162.239 29.1126 -330.177 -354.979 106.803 -218.72 30.0056 
-394.794 -75.6596 -156.562 -137.937 194.877 -238.108 62.3274 146.54 177.808 -285.723 
8.96026 -8.43624 -123.204 19.2937 70.8115 365.565 -46.4958 57.8361 -128.081 -11.5771 
298.301 -145.769 -29.5891 -60.796 16.54 21.9278 244.724 21.0581 -28.0973 -137.927 
19.2602 -47.4218 400.874 77.7736 -88.0062 -118.221 207.601 62.7175 267.197 -115.514 
189.051 -238.646 36.7726 55.3224 119.243 29.5808 590.431 -26.1457 -164.596 90.5845 
-82.7284 -31.6428 -64.9651 45.1333 270.84 -262.727 74.3176 50.0679 166.319 183.922 
-131.45 274.922 234.322 -304.136 -37.5889 -67.2782 167.844 -237.547 80.6548 -266.331 
172.618 -24.0394 -250.489 231.327 24.5994 94.2204 57.7748 186.471 356.906 -14.1679 
135.528 -21.8867 44.7174 -18.0424 -56.3557 -178.619 148.192 117.176 -270.611 47.3739 
338.391 17.6327 -117.279 143.949 -251.328 -51.8136 -88.1536 230.753 223.109 -311.208 
-368.628 0.314075 308.837 206.042 -59.2576 -93.1653 -115.103 -9.80443 86.6712 404.088 
-328.681 -187.103 -375.891 14.3125 383.558 64.9844 190.785 -68.6323 57.9091 96.2769 
-145.166 50.1902 98.9787 69.8314 74.7418 -45.0983 164.302 64.004 43.7518 104.086 
-111.173 3.62111 291.636 111.294 -308.165 122.632 127.609 -151.191 87.9235 -47.4179 
-328.857 111.196 269.343 188.104 -11.3334 -115.527 308.089 -230.877 -257.515 273.159 
27.0091 -189.552 229.659 -48.2331 31.3213 654.911 -204.38 -118.418 218.38 -84.1357 
-232.367 -119.635 331.707 -470.265 103.276 211.088 -293.172 189.707 -76.9655 -467.121 
-31.6154 -319.4 5.89191 -241.733 47.1744 27.8118 193.904 -8.27615 -149.444 -316.349 
-106.847 81.2682 190.765 -148.304 -145.774 279.333 -305.404 -36.8913 -220.226 -18.355 
13.1594 -173.502 -293.221 -6.6552 50.7946 89.3393 576.829 -85.8547 -111.883 -146.044 
13.0401 -405.402 173.772 226.841 -126.754 348.58 586.9 8.46563 74.01 -21.6946 
325.963 -103.981 -12.1492 -180.518 -58.7797 221.812 11.3509 30.7761 31.2279 -182.096 
40.6464 -205.22 -3.16703 89.8015 -20.9388 160.573 -171.613 -78.8831 -40.6092 45.1791 
134.846 130.45 -84.1926 250.147 90.9791 -93.0547 252.72 18.9429 -93.6909 1.12419 
-321.902 113.473 -264.025 -355.333 -215.533 243.346 -242.261 167.331 -128.195 302.742 
282.305 78.5733 188.742 124.573 453.6 -314.26 -77.2831 -267.216 104.101 41.266 
241.463 -103.719 200.249 -14.1231 104.5 -25.6417 1.36681 -419.173 -183.592 -230.921 
-34.781 -259.403 -113.759 -135.116 126.085 153.95 -51.7649 239.098 60.4219 191.171 
-422.563 217.704 258.547 -87.4175 -194.131 -1.07909 -147.031 94.7816 -219.495 -92.1974 
82.872 -153.371 145.598 178.23 63.8861 268.495 76.543 -1.47897 47.4664 315.123 
50.5428 122.677 -134.27 -169.784 337.686 -248.175 306.182 -210.441 -119.751 -34.49 
-13.8132 -159.539 193.817 -218.18 -234.61 353.857 -248.746 -275.096 41.8781 34.7628 
-215.233 362.027 99.2698 -127.314 196.825 -22.0977 -81.3925 -48.0538 -141.825 78.0322 
416.72 74.9636 19.5242 -19.2672 236.666 -128.83 -228.633 13.8314 -8.02463 272.041 
150.917 -87.6363 -119.96 81.7156 139.101 214.934 -156.765 -82.6723 -57.6972 135.305 
189.185 72.0714 -129.662 253.836 93.2508 165.843 -106.793 -121.731 -195.105 177.578 
-240.546 -230.445 367.145 18.5243 41.2279 -114.542 368.149 -21.4359 -113.65 208.801 
25.6307 223.221 108.331 -80.0857 92.6034 -92.4124 -252.136 61.1169 -164.563 -151.771 
-98.1425 173.85 170.204 -62.8164 -101.996 121.134 20.4111 37.2222 16.0997 155.014 
-49.7316 221.845 235.543 -145.063 110.536 127.697 -39.5895 -115.741 129.139 86.5592 
-204.794 30.785 -37.7064 -172.719 -412.386 327.868 -513.211 222.287 63.3431 100.306 
-227.659 19.1983 -3.61047 -162.885 -184.087 -0.156534 -64.0386 129.656 128.171 152.664 
-450.897 135.671 -124.229 -422.388 99.5066 -159.27 -27.3222 183.176 13.2621 -138.691 
178.523 -324.872 -242.693 -442.747 -80.7922 -12.7009 95.746 58.6701 -127.379 -45.3497 
-250.426 76.1672 -40.1707 262.13 -47.6552 -219.23 243.377 -61.3817 219.808 266.845 
220.029 -140.595 -165.388 -87.601 36.3751 -30.1261 216.563 -10.397 -134.474 -375.717 
154.48 67.4307 -243.071 116.719 37.338 159.509 -190.323 -124.881 -288.44 -154.872 
239.061 46.4907 -434.24 310.718 22.4231 -76.6493 24.6374 -1.60731 -113.766 160.049 
-132.449 156.428 245.711 -23.8601 -212.669 -123.818 47.4661 -147.047 204.457 -15.6308 
-276.132 -78.2443 147.722 -176.827 151.108 -129.051 -49.6583 173.691 276.477 130.396 
48.0919 -83.888 329.609 78.4082 294.532 123.684 149.566 -205.489 9.77526 226.549 
-301.722 -346.447 27.7916 119.154 100.641 91.2542 -207.654 195.62 -268.57 -210.661 
6.50376 -49.4244 -52.3695 98.9773 -128.656 -40.2245 114.127 24.4441 12.9262 165.707 
-169.457 -125.343 148.67 -112.96 -150.724 -37.9573 0.619601 172.045 -101.558 -42.59 
218.375 251.858 -124.855 362.477 -24.9135 -116.727 -332.891 -10.4332 114.667 111.64 
106.551 -133.853 -54.7192 129.755 -286.945 -180.642 257.933 4.29605 -540.455 -250.979 
92.8318 -41.0322 -130.001 249.696 -165.662 -99.7575 402.699 408.303 380.693 -233.35 
49.1488 -105.945 84.0401 -347.953 313.636 44.0998 -304.387 18.5191 -440.862 6.77695 
198.524 -267.414 -176.126 78.8143 162.394 -224.204 74.3637 -72.9704 -3.69962 -13.1039 
-228.372 -75.0808 265.392 -123.805 21.4116 165.221 55.1089 -131.423 -59.7028 -207.6 
219.396 -170.065 -211.988 -33.4858 142.813 395.133 91.1399 -250.754 52.7267 -160.402 
27.8306 -23.017 380.696 372.453 102.817 1.23963 -354.614 -119.471 -193.836 161.595 
-37.51 121.431 -190.621 103.462 176.02 -63.3207 -122.671 -280.785 25.3194 51.3489 
204.956 -204.808 -380.31 282.126 -227.928 137.184 -159.302 -70.9415 46.8197 -329.427 
101.793 352.808 -20.1984 -213.105 -42.0836 -169.215 44.0026 237.347 87.8345 -162.122 
-33.1984 -279.465 24.5543 -66.109 -98.1066 471.853 154.238 -139.407 -57.3262 -236.171 
-281.657 -3.50118 353.71 -121.335 -250.371 -67.3559 -298.667 86.0243 -272.024 -228.838 
68.7302 114.921 96.7561 39.8368 -114.915 135.441 -65.7142 -323.085 145.954 -84.9638 
-110.498 203.488 -410.34 -203.578 374.138 -89.522 76.4544 -15.443 53.3754 -21.5612 
-276.455 -202.866 60.3611 -89.3281 -35.8228 146.762 -53.8999 -365.494 -17.4269 -265.841 
124.451 -71.0848 -193.66 418.583 -186.47 -99.8028 34.7517 -148.433 -143.184 211.647 
-356.571 40.9547 -142.949 -209.422 89.3309 -79.5506 -197.756 152.415 -116.131 -5.96412 
-163.4 100.234 -186.353 189.212 47.7171 89.776 28.7326 -65.3783 -34.1717 140.174 
-232.89 32.4633 284.82 -18.9778 -148.841 331.957 28.3795 -155.571 251.854 -4.46047 
7.90037 -34.3427 155.666 -343.096 -446.798 68.2497 98.8203 30.3968 162.57 -26.2163 
316.431 -35.8654 163.313 349.617 -172.311 -402.145 -341.25 -230.592 173.921 41.5364 
-58.1385 167.555 -146.375 93.0004 -150.58 179.445 64.4973 -139.28 225.731 116.255 
44.8264 -430.142 -227.521 -288.77 172.617 0.0265413 37.5606 -21.7966 -114.877 87.2767 
-66.8537 316.515 55.4834 -187.391 -69.1542 -368.567 -415.408 -57.4977 46.7416 26.98 
52.7042 -521.326 -148.793 -141.216 280.122 256.143 -255.271 6.61403 89.5367 -5.4757 
24.7575 24.1649 252.596 -165.773 -37.76 188.874 -204.505 77.043 15.5431 -126.257 
-66.9248 -186.101 -24.435 -131.702 356.236 -10.47 -35.3311 204.927 109.264 372.38 
196.251 -76.1847 70.0899 98.7766 -210.836 -99.8934 123.623 73.3793 -174.376 -70.5352 
-268.164 15.3807 174.762 -57.2723 148.834 18.9954 -290.315 197.005 242.519 -150.136 
-24.9926 -166.99 -57.9613 15.7978 317.256 -69.9829 133.426 -101.591 -87.4347 98.8278 
-54.9847 -22.5096 -2.24916 -29.1495 159.461 -52.9316 75.0544 -89.7007 -190.499 -7.17641 
-191.066 86.8847 -238.682 -373.096 16.6092 192.909 -77.0891 18.8659 -49.9287 133.069 
-273.524 -113.263 24.1919 281.914 -31.2165 37.1492 114.235 51.2374 -189.903 5.07111 
33.6271 -242.574 60.0704 -60.2685 -246.286 -113.818 -100.312 -6.47992 -288.001 120.001 
-173.949 -423.219 273.116 78.9071 19.3695 -192.791 -26.6439 -128.574 50.644 177.945 
339.789 -160.797 -53.3576 -171.669 299.883 47.8727 97.7647 124.637 -94.305 -118.335 
39.5995 -441.103 44.4361 -21.9627 -13.509 110.12 283.419 12.4494 -84.1951 -361.64 
-241.187 2.57203 232.609 -39.0204 243.408 -21.9149 6.60975 102.702 -139.335 27.4458 
17.2635 109.792 -466.308 533.064 -140.137 -18.5457 -192.797 207.594 79.5277 482.916 
-372.723 -367.118 115.402 258.981 93.1268 -164.439 -36.5178 378.716 2.76133 132.973 
115.558 -8.68915 2.9225 120.261 -67.9422 -15.6621 18.6659 261.422 -20.135 155.673 
-70.484 -304.609 187.262 -310.224 -231.44 213.797 -372.336 5.12414 -152.985 -148.489 
169.277 125.821 -172.931 -291.496 2.66472 -169.188 98.0777 -35.4593 173.179 100.887 
-19.9845 -87.8093 218.614 -197.821 -298.204 188.224 198.936 31.7074 -228.992 -88.1752 
9.12685 -134.219 125.275 60.6469 -2.64331 -75.6998 78.6029 -106.096 -184.184 159.955 
386.763 -34.1366 -223.704 109.879 260.86 -4.61069 118.651 162.202 275.353 -221.59 
-53.2192 52.1568 -33.3918 -11.7759 -193.72 68.3297 330.792 142.571 -13.682 -252.974 
264.62 -481.152 -68.4483 -71.7744 -196.407 -24.1519 69.0911 -22.0603 -420.055 161.092 
-255.562 160.026 166.102 1.8452 180.696 205.342 48.8413 -151.815 171.399 -161.881 
156.67 -232.833 -278.987 116.091 305.527 -313.185 169.126 61.1084 -71.4231 -401.168 
-148.888 -150.333 -104.863 97.4701 207.058 31.3933 12.2257 154.617 59.5238 178.934 
363.724 -255.69 -277.482 619.739 255.311 -474.337 192.428 7.9927 245.687 270.694 
-487.912 66.3328 263.476 120.693 284.401 -86.1458 -146.076 65.3826 110.621 54.0344 
155.411 -197.04 61.5918 244.248 304.468 -451.393 -11.1016 185.315 -53.9407 -38.1601 
152.302 48.2353 269.317 59.198 -163.494 234.516 -167.605 -340.981 -193.947 -114.092 
210.012 136.943 110.754 164.19 118.427 -89.3132 -62.625 -130.27 -125.848 -59.23 
-85.7166 -297.759 -337.444 32.6553 117.491 -0.834107 -418.608 295.1 271.389 135.88 
-108.931 -4.83766 -245.008 9.34987 -37.6717 20.0091 77.9041 216.566 220.563 -79.734 
-26.2778 147.079 142.048 124.43 121.417 -243.973 -146.752 -41.7124 13.501 38.8109 
205.667 -125.278 -185.211 -27.3101 113.207 -35.9506 66.3769 -4.63968 -248.667 -111.992 
183.596 271.487 -221.513 -190.84 82.0754 -123.571 -206.864 11.9399 229.368 86.3369 
136.536 223.542 146.198 224.973 -131.021 2.0993 74.947 -445.497 -76.2582 -127.361 
196.587 237.649 20.1487 171.93 26.8309 8.71142 58.4658 111.946 -86.2588 17.3371 
-241.608 356.22 738.7 1.89366 247.48 -144.411 -215.531 -401.894 131.706 51.7721 
-40.813 -29.4277 48.9336 -54.8622 88.4492 -363.884 -300.03 29.6849 -232.097 19.6593 
-170.561 89.3404 -79.7553 -99.1827 -97.6468 150.659 -49.4037 45.3913 90.4327 1.84329 
-24.8754 232.169 -30.4457 162.601 -292.098 207.472 -86.0694 -67.9647 -219.469 -196.972 
-354.881 -25.7419 252.022 -109.205 -10.8881 -175.673 -32.012 138.824 205.311 86.5937 
-78.2155 48.3077 194.119 -115.276 -153.355 -117.742 461.548 38.6014 251.614 -14.9962 
189.179 -259.797 -99.5567 -269.643 -97.6105 -84.3532 112 -112.678 -348.44 -341.22 
-200.44 89.1816 -551.232 -18.5401 62.3776 223.22 -28.3761 4.35765 69.0819 173.775 
230.245 31.0732 198.789 72.7385 199.022 34.6514 -247.6 114.371 -56.0574 -318.871 
113.736 -77.8223 -74.182 -226.912 -144.824 34.2406 71.4351 179.163 194.864 -232.1 
-36.3768 5.35929 -330.084 -39.5186 199.378 5.61726 87.0156 205.744 130.353 120.693 
42.0643 37.7153 288.063 91.5325 -18.1273 -75.7718 197.689 -75.4626 95.7772 116.205 
157.578 -40.335 73.8091 -153.498 -282.6 206.118 16.144 257.048 -73.7715 -88.4705 
119.944 6.45284 -93.2796 145.613 -38.9797 -236.061 49.9508 383.1 9.23322 167.576 
-98.5495 -84.8754 27.5861 -134.74 515.143 -300.413 -238.795 3.15059 244.945 6.8498 
-49.018 -20.7585 -120.101 -184.107 -118.604 -58.7895 12.7171 25.8431 -65.7406 -246.325 
159.262 -158.542 32.9134 -2.71238 393.882 102.691 32.0074 213.324 276.527 -155.524 
-189.611 121.144 -27.8652 -231.264 -81.5477 -142.065 -7.6997 99.9128 -158.09 91.9646 
2.47868 451.74 67.368 64.5572 -176.71 140.966 -117.994 -0.491016 157.838 -108.418 
179.558 106.736 24.987 -253.625 -298.081 117.898 232.286 -108.756 33.5845 -286.493 
-257.081 74.9692 -242.516 -144.75 -44.3384 113.33 312.858 17.8334 -34.1154 144.868 
-536.415 188.886 123.939 -154.397 61.9787 29.7429 441.998 63.3521 201.574 -72.513 
-111.571 -347.785 96.3012 -24.5821 84.3907 156.688 -314.828 202.474 -94.9916 168.549 
314.112 546.983 -240.764 200.937 -135.117 76.864 -251.359 105.95 143.227 -103.443 
-231.437 99.8216 -25.2589 -44.1935 -78.667 157.292 -242.149 -63.1951 -77.4245 -65.2938 
116.83 -117.81 28.9485 349.694 -68.3154 -117.32 182.877 -277.062 -288.44 170.4 
-134.49 160.056 108.554 -384.448 14.8857 -145.272 -102.63 214.733 398.992 0.739286 
185.92 -224.463 90.1874 -14.5069 150.73 58.3251 -330.594 -160.955 -399.598 117.721 
24.9825 38.7879 109.58 66.5101 -49.765 148.936 -247.423 -309.341 -298.717 -229.454 
-132.46 104.891 173.857 18.7793 267.246 -22.9428 -65.4597 -188.561 47.5546 -4.14101 
141.851 361.789 -72.3291 40.9979 -46.5226 110.113 19.1468 -110.644 -47.2108 233.142 
-41.2794 177.573 -47.2945 6.07397 -18.7608 49.4019 -280.23 -2.96805 -380.036 -133.108 
-49.2951 171.42 -111.218 -296.999 282.108 199.304 95.2902 -308.743 -27.5449 -229.41 
249.822 -124.136 -218.453 428.139 273.234 -275.521 272.494 202.617 -120.038 13.3929 
462.851 -112.379 -185.313 -57.5052 198.08 -19.3109 -195.062 208.321 92.5288 -373.468 
170.034 402.038 -72.6797 -88.0388 -221.663 -189.379 55.9168 57.4429 179.101 76.7655 
53.5881 75.6984 -74.5515 -89.6768 143.891 68.2199 -446.135 53.5127 -203.625 -100.437 
102.779 -167.833 119.127 -59.0832 235.665 208.766 -29.8076 -142.95 85.1137 -24.3056 
-192.249 -108.006 195.368 -216.741 -100.67 102.109 -181.42 181.053 -94.2716 -30.2286 
274.94 -351.931 -84.3394 65.6389 -91.6072 236.62 -43.5149 181.433 13.4014 -9.10298 
-462.548 -33.1754 178.606 255.044 188.911 165.346 157.366 -312.54 -135.411 299.516 
91.2191 -281.286 -2.42932 -98.5242 109.912 203.944 -123.353 82.8565 4.91981 -18.8701 
34.7885 -148.927 -148.047 4.2822 243.021 -2.80124 294.695 -138.292 -69.7833 72.0054 
92.8986 -185.643 34.7553 -230.414 -153.178 22.0662 58.0282 215.376 132.945 -165.859 
51.5536 -25.6249 42.0989 248.122 57.0524 -61.7512 290.307 -12.0928 -86.3909 143.417 
-179.857 -31.1978 -218.426 -219.827 -450.893 141.474 209.378 -157.808 -116.041 149.235 
-201.43 573.872 -129.311 -306.362 110.632 111.704 -116.307 99.7573 29.3492 21.377 
254.411 -193.003 167.618 151.614 120.469 116.021 179.439 -272.073 -150.567 48.9591 
207.602 337.928 255.605 112.845 106.139 -260.877 -169.937 145.998 346.287 -125.128 
49.9361 -207.307 126.872 -98.4845 307.281 89.2279 86.0993 -34.6956 -107.594 22.6416 
132.206 263.987 329.717 -115.142 258.06 304.481 12.0626 176.655 252.265 -266.275 
192.099 108.048 122.143 -50.1992 -115.589 -110.11 86.3076 -86.1519 155.046 158.704 
-297.094 -9.94434 -30.7551 67.6823 146.75 51.4997 1.61464 -318.902 -47.0706 -2.14358 
-78.5204 -298.562 -73.4096 -359.708 119.166 178.847 -141.621 135.171 -81.0165 135.67 
230.84 192.797 64.5295 -15.2838 280.663 -109.248 -189.229 -97.3503 -207.938 162.329 
-111.105 139.266 199.249 42.9958 -81.0535 81.7465 95.2818 233.315 -264.576 -19.6039 
67.4852 -170.786 111.529 33.977 -203.498 192.546 282.735 74.2284 -138.211 -286.545 
11.8292 -106.506 44.5827 178.96 -21.8829 -119.777 -80.2255 -264.797 -226.045 214.57 
160.923 -28.9685 236.546 93.3759 -140.285 -49.0777 262.87 251.576 89.763 -91.3174 
5.86834 -294.46 174.743 119.884 202.442 34.8334 -162.954 -148.234 70.3796 -35.1884 
-50.817 133.747 200.03 -222.151 -1.33537 -215.441 41.4598 -50.721 -97.0468 193.608 
159.286 86.0733 40.8929 250.29 66.198 -157.856 89.5913 -130.943 -188.079 -238.319 
-68.4769 -47.5892 166.968 250.219 21.7017 -44.7855 -170.536 -304.868 -197.751 211.651 
-28.2983 113.875 -136.779 194.918 68.825 135.028 -59.478 -360.263 -83.7854 25.9931 
61.8852 42.1658 -139.947 51.5637 -197.649 325.818 85.8773 -92.2954 -217.221 8.84197 
-268.331 -93.2695 332.598 187.457 -80.4262 200.733 22.9306 -452.604 114.739 178.941 
-260.018 81.9351 19.4986 -173.894 -115.204 -148.889 100.088 -146.378 163.854 18.6295 
153.048 72.4442 -2.36673 19.5237 -213.256 -224.076 128.137 -186.646 -77.5987 -189.133 
15.4303 -76.9307 224.155 -46.6402 37.1681 78.9959 470.486 54.3302 83.6319 -39.605 
-50.9174 -265.511 24.5488 -64.5357 -32.2537 -40.865 211.049 67.4046 -79.1876 38.6793 
32.2954 111.745 286.063 12.4325 242.271 51.2189 -49.0912 -288.07 207.485 235.683 
84.106 92.9649 -4.67682 -83.16 -84.3148 -128.576 -111.221 -75.8836 -38.963 -65.6675 
23.7316 26.066 187.243 3.20357 52.9394 -126.52 147.601 98.1349 50.4601 -78.4413 
147.369 293.795 -202.54 -83.2682 -119.507 -106.059 18.0223 93.1943 -219.091 29.6604 
-162.527 145.736 -68.5277 -311.399 -69.3296 320.501 -146.758 89.1093 22.7629 198.69 
-168.445 -218.479 -285.442 -18.3421 -139.048 138.476 45.2685 -136.867 -20.5161 -86.5394 
-44.2159 10.2447 169.98 357.206 47.3784 -314.446 -142.828 194.46 -107.864 -50.3815 
-197.48 84.2775 56.2609 -200.364 -132.451 -309.544 -324.669 89.4161 199.835 9.09751 
-91.2505 -132.9 -152.731 -80.3155 172.986 -85.7547 -282.825 355.307 -341.322 -35.2417 
6.39617 20.6142 59.1931 33.7422 -205.468 -41.559 235.109 -9.99007 -345.415 -165.96 
-63.0525 82.5319 -7.76672 77.9139 210.035 -204.939 -137.795 -121.936 31.8739 104.032 
20.0297 -164.398 11.0764 85.3578 -498.216 25.2927 -4.50814 79.9036 23.9986 -219.233 
176.84 -85.8117 -105.33 129.017 65.5135 100.168 254.523 -232.351 -383.268 206.261 
224.706 161.748 -119.015 -71.401 -224.041 75.1478 124.505 -46.034 110.287 -226.787 
-15.1066 -28.4768 239.743 371.754 172.115 -73.9963 -151.222 -294.872 -299.205 203.036 
-6.83465 124.456 -12.23 100.847 136.906 -101.59 335.161 248.676 -87.3241 -261.176 
220.037 127.93 43.3892 269.225 -114.392 254.92 215.391 -285.107 66.0782 -89.6364 
286.054 75.8571 -459.573 286.662 -18.0328 -127.234 -60.0681 -65.3593 -333.842 143.927 
-99.2275 -279.517 -310.914 110.621 29.5455 85.767 156.213 33.1417 164.175 403.518 
-89.8245 58.0114 -24.5623 282.683 137.884 -228.376 -59.1455 78.9088 -56.5873 137.966 
109.161 285.638 35.4768 -132.653 -559.494 -132.442 -221.239 325.954 112.336 33.6652 
-357.511 -120.515 80.5439 -226.046 -24.2141 -49.8876 -82.1546 363.205 359.543 14.502 
-257.631 -31.2411 5.66581 52.3612 -101.946 -142.49 -134.028 -84.8687 101.103 186.438 
-209.953 -119.462 39.88 331.528 -2.03753 33.6409 135.375 -351.038 -467.602 146.594 
47.0226 142.995 -143.069 -190.444 -216.92 -37.7094 61.632 319.948 -99.7727 -448.758 
-288.187 80.398 -364.223 -115.678 50.2654 -284.997 -20.5916 137.781 -195.511 7.03803 
78.3246 56.2543 431.946 179.829 -169.585 47.0372 184.981 -281.161 -198.432 -102.071 
12.2676 220.183 83.8034 -155.91 -451.705 1.35387 -129.09 56.4647 263.964 131.635 
-52.5558 143.511 22.6673 -129.166 133.321 146.455 -1.12953 281.502 -110.806 121.916 
-36.0522 139.241 -183.888 -10.6359 -99.296 85.3754 479.275 -67.9118 12.8459 101.376 
242.107 223.172 437.801 -157.039 22.0864 14.2576 -382.579 -96.2259 107.165 130.871 
387.005 121.911 2.92908 161.73 -150.454 236.745 371.611 79.7128 85.3052 -85.5068 
-440.656 -29.8912 190.131 -165.262 377.291 35.856 302.477 -161.757 120.45 -57.8966 
146.003 144.28 209.811 -10.3404 -15.5159 189.048 -31.2403 -174.926 62.0477 -37.6379 
121.731 -36.2017 520.163 -25.6377 -120.305 264.195 -74.2376 -73.3133 -168.936 -37.3449 
-127.383 -241.004 -52.8493 45.3768 -129.607 -231.118 57.8418 339.294 -48.3938 61.6449 
101.24 220.968 -127.464 51.8843 70.0117 -20.896 -235.914 199.823 -206.463 34.2602 
11.4773 -573.679 6.3102 181.816 -78.8224 -157.032 237.758 -11.8199 -370.5 -76.399 
260.644 281.5 -29.4564 0.625128 -115.769 24.069 493.356 -106.877 83.3759 -122.397 
188.075 -453.882 85.7696 487.477 270.975 -171.803 250.233 -139.894 -73.1318 94.1664 
2.2546 130.863 -438.199 -58.3137 349.223 -24.5834 -13.9521 -88.5912 78.6805 146.724 
80.4568 111.011 -92.7011 143.136 183.702 -45.8345 -120.331 77.4679 1.75777 219.141 
18.383 276.227 41.1321 -260.803 -15.0921 -46.9687 46.7506 78.4298 -34.9524 20.1815 
-171.241 208.886 164.329 -52.0383 -336.538 165.638 -297.679 -307.985 -147.735 90.9947 
143.549 189.482 -14.3889 47.6649 -144.986 163.053 -94.7954 -26.7106 20.3476 -2.66106 
-131.155 57.7735 147.032 252.54 -123.898 17.5841 -94.5595 -400.069 -4.06194 286.664 
-32.3344 220.29 116.381 -84.3422 119.344 72.4638 232.13 -309.477 -11.1174 185.279 
-98.9533 -66.5484 307.861 125.178 -126.227 -217.505 -259.039 -107.353 -34.7767 -278.365 
321.028 -29.4217 120.84 29.3977 -2.1293 -27.1486 -67.4952 13.4755 -94.8899 -5.33038 
51.1033 77.7896 -154.088 274.965 111.463 -164.462 -247.427 174.461 86.6628 192.366 
12.5308 29.0376 112.746 12.6034 -203.095 163.524 121.159 -198.876 -159.756 -139.224 
-388.207 331.183 237.857 -255.683 -31.1677 -113.636 -345.858 141.462 94.6814 369.262 
-53.9334 250.496 -257.594 -202.078 -53.8224 154.983 -5.34283 -120.409 329.919 97.3312 
-178.9 -217.568 362.451 -268.899 19.0719 173.825 -315.866 -337.015 -228.911 157.814 
291.18 -40.2986 70.8843 38.574 199.512 -170.884 239.144 111.594 -57.3438 172.459 
-230.916 -165.055 -114.915 91.3656 -32.4228 472.416 224.456 96.6209 23.0653 48.5391 
-269.336 -61.1574 -75.2001 103.937 -129.798 63.6303 -253.732 -44.1639 -360.912 -200.241 
212.97 -123.019 40.1611 229.087 -108.679 43.3222 138.907 112.719 43.4723 -179.103 
-297.851 204.74 3.90059 -212.75 215.628 -47.2647 -136.019 63.0165 68.7238 228.187 
-5.83596 332.959 -141.732 35.7804 187.355 -50.305 -235.678 -172.977 -65.3361 16.6524 
159.943 232.039 73.1545 -479.783 -218.72 324.388 -206.705 122.219 119.581 1.36616 
55.001 511.4 241.102 -295.735 87.9455 88.4331 -212.409 102.689 194.381 -429.6 
-32.5226 -55.3763 -208.04 -85.1679 515.391 -132.851 176.371 -110.193 -64.6068 -202.252 
-101.485 141.743 47.3895 -442.511 91.2982 126.282 -138.268 -5.44012 -309.771 -96.2867 
-109.907 -93.9751 -59.193 -3.07639 -75.1527 227.162 357.335 -125.854 48.6866 -142.924 
163.44 254.714 -55.1179 30.4562 62.5343 13.4815 233.615 79.9396 54.6317 103.21 
45.0675 30.2554 130.787 -131.831 22.4181 281.657 -38.7305 304.615 455.04 -56.955 
1.47238 -152.362 -281.234 35.1943 65.9485 -40.9628 -90.1167 352.1 -397.419 -157.239 
-103.965 152.257 -38.4837 -129.877 61.6128 360.929 459.59 2.99752 151.76 199.866 
-81.0612 -247.017 301.474 -9.65752 -10.8408 108.723 239.964 1.83972 332.921 -61.918 
-5.02552 143.498 2.93959 139.828 149.323 -444.15 -28.5567 -47.405 155.444 199.025 
-135.1 -296.681 158.021 -60.4938 51.3115 50.5813 -71.0927 36.2917 -112.858 -129.933 
-277.183 -95.6912 81.1445 -192.368 5.71433 203.796 64.7483 -324.275 108.452 -3.60718 
142.817 95.7352 -173.341 30.5626 43.2101 121.49 -61.0706 340.014 310.175 306.741 
53.7919 92.8734 -262.627 14.3672 -62.723 73.2778 70.7168 -230.762 29.7696 300.544 
-37.8379 169.551 -182.871 295.527 -326.828 -17.0814 -31.1754 -180.663 -97.7223 -174.205 
-118.062 279.997 -84.3672 -318.509 -77.856 197.336 -222.229 -174.867 244.2 55.8422 
-227.492 -118.221 255.563 14.1043 -176.108 -111.639 62.5759 -189.376 -221.635 267.471 
-274.739 -58.4694 -173.086 513.545 50.1434 -96.2811 -263.913 17.4671 239.873 515.126 
-41.3188 150.875 142.316 -115.623 -5.72813 -201.175 113.139 -27.6261 -152.621 26.5131 
-155.952 121.156 -263.901 -67.592 126.712 364.092 7.2514 -401.922 80.7807 280.456 
-254.939 -229.896 -121.165 380.131 -252.659 -63.6214 64.5729 186.135 -161.097 56.6872 
-84.2246 50.5373 279.304 126.889 -305.993 70.3095 -5.33642 -37.7111 -27.4412 -272.481 
311.254 75.3529 75.5618 15.5188 -61.973 -132.558 -210.715 48.392 -157.175 38.9724 
47.3977 -390.31 8.31995 -265.302 -175.02 -159.167 -270.354 222.579 18.2596 7.73848 
180.795 -56.7201 333.381 -47.5373 33.0649 22.8691 75.8688 -65.9173 -106.924 -48.1353 
138.833 180.676 397.961 -102.469 -392.252 379.271 62.7889 -13.1625 -12.2542 106.66 
-25.4837 161.706 244.59 188.4 -14.7345 20.4013 150.813 -229.454 427.372 5.19388 
-17.4392 80.8926 21.0124 -42.8707 219.837 286.296 69.3347 -141.093 28.6282 418.662 
49.7439 88.9055 294.357 -23.0881 -165.805 84.2348 35.7296 -155.134 155.849 -2.03537 
94.5882 215.605 -184.748 -162.637 61.4609 97.2011 135.547 -275.921 43.5807 181.298 
-187.391 -131.648 -237.923 -267.67 -56.4138 302.725 -353.429 7.87234 -48.9197 -52.6705 
125.296 -41.4859 185.678 48.9438 20.2328 -286.205 -91.9833 147.675 59.4655 -72.8949 
253.153 202.451 -138.738 181.18 -140.35 250.083 70.2444 -28.8632 -145.183 -88.9763 
-180.955 34.1652 205.628 58.9948 226.569 -162.45 82.5456 -65.6595 -247.082 -263.538 
148.819 123.821 -67.3121 46.9417 199.871 -256.846 211.594 89.3445 88.6417 -133.697 
11.5243 -126.439 -108.169 173.799 -67.9492 50.6806 16.6982 -61.8918 19.8841 -93.7828 
83.7477 -51.2243 104.433 367.237 -60.5639 -81.0554 -8.24814 72.6932 -327.048 3.80371 
-122.667 -78.131 -279.96 244.096 446.411 -344.052 -178.297 369.952 -122.056 204.481 
94.4349 -19.2787 126.934 17.2923 -32.7486 180.879 154.862 263.912 169.428 -121.725 
138.727 255.939 359.108 -287.107 -154.842 342.132 -394.039 -21.6253 106.645 -184.641 
166.505 -65.8715 600.485 137.146 -126.505 418.214 25.7173 -115.838 34.7683 -72.2719 
180.731 87.2362 -30.4925 -189.375 -322.076 39.0343 -5.79896 266.286 84.7727 -119.051 
224.538 142.35 22.7681 129.838 -285.632 32.4629 55.5131 -73.4416 -11.0958 -299.828 
173.072 -34.1008 108.463 299.973 62.3583 80.6289 25.2186 140.289 -403.666 -170.474 
560.732 -18.1627 -191.229 156.932 -39.8884 -215.626 -43.0653 -228.86 -181.924 10.7266 
-38.1157 -370.849 -211.057 -49.3027 -131.371 113.113 -99.6072 133.872 -79.5682 171.981 
121.542 79.6024 -224.372 -234.349 19.7077 102.965 -173.879 -38.6133 124.773 -216.846 
83.7579 -275.354 -168.625 -91.7962 -44.3754 -46.3158 104.447 -10.3541 65.941 124.877 
188.796 -99.8047 -174.349 -347.685 -137.268 -92.8978 -26.8601 100.723 217.65 -14.7984 
-299.666 112.894 -155.935 134.354 -67.5319 59.5814 316.747 0.264088 -97.4793 30.5574 
-159.637 -268.03 45.9517 -85.6569 -41.4238 228.131 169.839 36.8807 193.757 18.5348 
417.731 -175.274 -461.258 100.977 16.7452 164.21 -218.662 -58.8768 59.4589 142.681 
21.5663 115.091 96.417 69.7773 -72.9654 -68.8845 210.837 -315.714 -31.7331 99.3555 
184.71 82.3672 231.63 196.863 -136.122 -55.1695 48.2777 31.3822 83.4671 -89.4828 
-150.482 -264.628 -146.221 136.182 -76.6393 265.176 89.9364 -18.9716 -191.357 292.041 
-278.541 35.9428 21.5461 -134.506 -109.02 -125.041 110.272 306.947 -96.4911 130.158 
30.7448 187.528 -509.767 1.94937 72.2026 58.5019 62.2228 91.736 -317.085 -60.5226 
99.0534 -55.4518 -67.504 363.612 -307.911 -45.5503 -91.4104 143.494 -143.495 -460.013 
192.599 197.737 -129.146 -184.199 145.671 -144.219 51.1692 74.6735 -88.3268 -39.0799 
124.589 -97.0759 -25.2865 -19.9065 -121.363 -286.113 -144.517 81.8984 -57.8898 74.5481 
80.2111 167.966 -279.423 19.3292 3.44129 276.464 -11.1308 4.57808 245.116 84.313 
179.68 286.191 -24.7319 102.517 -231.506 233.425 73.7421 -201.438 -185.563 -79.6732 
-165.756 189.766 95.3681 61.8658 248.265 -107.675 172.558 52.2622 200.103 -50.5716 
131.978 1.1833 -15.8426 117.477 68.166 -223.949 -285.095 -43.5685 -300.4 81.2468 
-229.057 206.176 -149.948 -10.0775 145.524 -45.3404 234.71 -316.943 -440.184 93.9269 
402.122 161.704 162.702 433.509 -26.7453 -299.189 -231.224 -181.787 21.879 -164.139 
-161.079 75.8451 -45.4484 60.4248 33.0809 -74.8154 -182.779 235.66 282.961 65.7978 
42.3514 -158.435 103.725 97.9644 293.886 -54.7152 -162.22 -32.1899 -166.486 -78.9549 
52.2226 -89.4913 62.8199 231.747 -212.043 -39.8312 60.8082 -139.296 -358.452 -175.188 
29.9493 -329.143 -61.8382 -85.7064 412.644 -146.315 132.842 -185.352 33.7198 143.092 
36.7027 -313.891 59.5252 207.672 -215.936 177.476 204.487 187.755 187.294 31.698 
-26.2159 -31.3779 -76.4635 -55.2359 -195.878 50.5311 167.537 160.449 -112.711 84.863 
281.449 37.1052 52.0822 -348.805 -9.20097 298.852 -82.5528 -49.8485 136.813 -437.752 
99.1793 78.5584 -233.857 34.3288 44.0365 146.338 90.8725 5.75886 -249.954 -36.0433 
84.7443 60.9046 300.811 -91.1854 123.473 59.0462 113.875 -62.769 234.776 70.1842 
31.538 -84.4623 311.211 210.75 36.0541 -171.01 -32.5963 29.2294 139.857 300.074 
-122.286 251.789 -94.3684 69.9057 57.3434 233.516 -49.122 -126.874 -22.1086 256.046 
298.922 267.984 -342.304 -2.98022 -72.8034 -212.585 -256.524 -36.1017 183.603 -53.2772 
-306.851 -1.55869 174.485 -80.65 173.956 -111.25 -188.737 63.821 438.701 239.061 
253.849 337.078 -223.824 175.197 339.735 1.1946 102.604 -258.802 -18.2212 155.336 
-257.072 -84.4371 298.01 -73.5941 286.069 253.25 -18.0691 61.5756 49.4231 213.698 
120.15 -90.42 18.8438 -115.044 105.76 -118.563 -47.3518 145.629 -178.225 265.911 
-142.357 -77.7086 54.0944 -61.867 168.492 23.9113 -16.7936 386.796 142.595 -186.953 
135.479 -174.346 221.668 -174.689 62.038 141.279 93.4525 -30.8616 -13.1231 210.294 
77.7117 -169.763 -6.24809 -12.5776 -101.532 -106.753 274.32 303.122 -122.04 -105.624 
132.999 -15.1699 -537.826 217.472 -19.2998 -362.674 260.063 -76.9761 -178.244 55.5942 
213.589 96.8651 79.1747 138.676 -105.031 123.244 -98.0693 265.409 -12.3102 -40.2575 
-62.7849 -82.5122 442.798 -151.719 -218.551 80.5535 44.0225 -9.56435 37.704 -221.238 
-21.0118 230.98 171.107 -316.163 171.972 -90.1204 50.3551 245.084 171.104 -247.572 
-94.7738 53.0375 -104.124 -44.998 2.91267 366.372 161.854 93.3621 -102.979 -162.53 
-134.803 -181.285 -185.471 242.794 -174.01 -104.011 120.699 -166.775 -94.7888 191.742 
67.7232 117.287 -256.609 -55.7721 86.9105 -97.142 175.908 -165.63 -379.657 -176.445 
32.6789 -108.174 -215.145 112.831 -0.550794 -11.8984 51.2701 -97.1148 383.94 181.699 
-242.433 125.342 -206.045 22.1648 354.154 -248.425 113.279 20.6373 -53.7489 -10.4219 
141.314 -198.575 38.185 12.9476 109.391 106.302 -16.8905 -103.051 -9.31816 -455.79 
39.9207 -92.8248 281.654 210.956 336.357 -148.329 216.482 79.2016 -201.455 191.527 
-70.2262 -132.836 27.0908 -99.7164 -136.223 160.155 249.921 -360.675 -615.758 -146.212 
-215.483 -153.914 37.0975 143.598 -201.336 11.8575 95.9637 -174.527 -388.363 -149.565 
259.557 -541.667 -135.632 255.834 65.0351 -56.9427 449.351 -2.16867 -189.372 -158.612 
151.189 197.838 -188.031 47.182 108.207 217.166 330.679 24.6513 -116.313 -13.0653 
-70.8195 -217.114 268.546 -183.257 43.4138 253.161 -64.1514 225.744 -19.9653 -261.812 
-87.8269 -329.239 -103.054 225.255 -304.946 207.791 -22.3455 39.0636 62.7353 216.12 
294.154 129.705 -211.728 181.643 -277.007 136.02 390.561 -70.3652 20.0514 -21.074 
-240.479 -375.417 282.418 317.954 156.82 -77.0589 297.206 -248.068 92.4232 349.328 
-25.505 102.781 313.707 -102.415 -94.1552 79.0096 228.632 -256.163 -41.4461 96.5694 
-193.05 -340.734 75.7036 -76.9032 89.056 91.9929 -134.101 -15.1283 -20.1922 309.288 
-75.1521 6.60091 6.84848 38.4511 124.946 301.387 96.9471 -219.168 9.33828 92.8674 
11.1397 -230.818 165.265 163.75 -133.687 325.026 42.2958 176.486 183.179 -36.1929 
173.591 -243.461 162.152 -38.7351 93.4651 127.8 -221.317 -106.724 16.3876 118.722 
-36.3924 178.781 -177.766 132.987 -107.959 -70.7438 -33.4966 247.338 355.269 -1.71721 
136.567 67.4855 32.22 227.573 9.37595 123.331 -119.813 -279.528 -80.4974 46.1066 
-60.8901 48.6797 150.388 54.1567 -16.784 237.775 -88.0558 210.726 31.2677 -226.517 
24.3416 289.236 18.5382 -15.1041 170.809 -149.81 431.989 -275.057 -363.02 -39.5014 
184.893 7.56724 -207.504 205.503 -2.54103 2.20355 104.441 21.8338 -107.01 -8.16563 
210.303 27.9523 -45.0818 211.201 -301.228 113.869 527.129 -229.777 10.7112 -85.4353 
126.299 -65.6596 361.114 127.791 -66.1402 -101.515 -16.5094 -96.9837 -256.545 -173.678 
-137.942 334.262 122.227 -127.018 -153.109 -150.186 -56.2724 -68.9303 -128.682 295.142 
-29.8447 -43.6446 -265.385 295.403 153.908 206.477 118.6 -266.235 -182.332 -93.9558 
-41.7412 188.155 16.9981 -34.3902 166.115 -36.3676 0.897863 -66.4581 -81.5267 -94.138 
87.3593 -0.584661 112.418 22.0271 -103.048 -265.394 -258.88 69.3606 -311.917 115.289 
-76.4321 70.9655 136.258 -277.833 161.177 -9.85001 -135.322 -127.854 -3.58261 -80.7945 
105.705 33.9797 130.583 323.098 361.094 4.02632 175.89 -491.7 -60.1144 201.307 
-29.0126 186.798 -67.4669 -261.577 -35.5123 260.37 -178.678 15.0247 129.802 -108.27 
328.778 -13.901 29.9105 -200.615 -115.468 8.37919 235.499 -296.687 142.57 -237.847 
-167.034 117.166 71.7032 -330.835 -97.213 -54.4555 121.921 79.9376 -216.117 36.5425 
382.857 -120.538 78.6851 258.812 -143.401 -95.7321 -45.2476 -245.023 -316.158 -152.054 
-250.915 -10.5031 145.714 100.123 -196.869 178.647 -52.3638 -100.25 -322.214 226.408 
-48.9656 -148.541 21.695 170.266 26.545 47.5255 -412.289 -131.375 -105.703 47.0722 
-59.4127 319.264 59.7694 -23.0381 132.687 199.647 -297.042 -287.531 95.8005 -58.4094 
-357.944 -80.51 -168.298 -14.3865 126.075 -99.5011 430.038 -104.349 -137.663 19.3352 
-209.482 -46.8929 153.686 103.924 -316.138 260.574 -299.193 -140.399 302.705 -95.0547 
-141.364 -456.124 -184.362 -72.5396 96.7526 64.5916 -53.6259 9.04095 57.7036 81.7391 
163.988 101.576 9.52677 104.331 -71.1072 -159.426 66.2397 226.162 -1.54883 -93.4573 
-47.827 -184.181 -0.235334 -149.853 -71.7776 395.999 276.415 -71.6368 280.567 -160.008 
256.746 -224.006 -80.8474 -31.9369 -44.8434 185.839 7.37529 -1.69058 194.35 -403.263 
121.005 84.1629 -243.516 -303.49 -159.613 30.8127 -103.875 150.003 214.309 -53.8325 
399.862 120.756 117.017 -126.186 -65.6623 -181.336 31.2341 -163.536 273.56 16.4443 
-416.529 300.541 152.126 -101.533 97.172 -94.1884 -185.139 -314.466 -124.479 107.105 
-103.625 167.541 -232.828 220.841 154.097 202.487 -114.165 -104.642 -93.6344 439.21 
292.024 176.621 -8.83927 -10.8125 -0.139185 64.5094 68.5194 -333.1 16.2216 53.1941 
414.025 25.2882 113.794 -41.86 -148.37 282.003 65.0842 77.1365 201.349 -51.2967 
-145.318 -185.331 156.3 56.2405 292.154 -34.5745 -266.426 -38.4096 255.614 -277.19 
-142.355 -184.421 -25.1467 -118.017 47.2902 -137.234 312.242 119.939 -67.5259 87.8448 
-209.849 -37.1901 -305.046 -243.188 -165.692 -160.956 -191.83 350.124 139.153 360.245 
41.5235 200.239 -146.227 39.747 -104.121 37.9577 -27.1867 -94.8369 -58.4844 -57.2722 
120.052 27.309 82.8709 -139.086 -62.4409 241.274 214.407 -131.958 -180.654 -184.387 
-101.683 202.345 164.256 -76.3012 86.1242 -0.497886 -61.6324 181.52 -266.018 -178.409 
316.732 39.629 -159.358 345.917 177.212 -285.766 -103.909 85.215 -157.868 -15.1836 
-330.015 1.74264 501.028 156.961 -203.526 -166.608 -70.3915 61.9865 -246.01 -6.30224 
75.398 -71.1721 60.2049 84.3603 243.147 -104.763 347.122 -14.8494 38.7532 1.32083 
-167.159 -137.641 -211.166 -224.221 -170.434 -36.7201 -57.3911 287.236 -10.0792 54.6065 
32.9222 245.97 -14.8607 -139.162 -183.283 -280.466 -189.681 63.5267 -226.72 61.8114 
-362.327 -4.66632 192.728 6.21005 127.325 -337.318 -252.132 71.7433 245.27 252.788 
123.671 322.196 193.304 34.8563 89.0856 -94.5057 -108.62 74.3153 116.26 -27.109 
-179.372 -77.8761 -96.5761 255.243 -240.977 325.059 -179.579 -130.926 -156.599 -3.73446 
114.994 -214.585 -110.847 -482.798 36.6545 233.481 -58.0298 195.704 -51.6422 -15.839 
-109.465 -57.1027 220.803 186.32 -92.4106 178.619 -138.364 33.0775 39.6233 228.121 
87.1227 -133.667 85.6671 168.652 191.254 -239.389 60.2509 -314.087 146.702 237.297 
32.0264 -53.9146 443.231 -44.9771 96.5562 91.5841 -156.679 -125.369 211.366 -152.622 
284.209 -104.341 -235.353 -103.575 189.955 252.422 -135.006 136.35 25.2503 -27.7104 
4.95514 158.064 -18.0318 -94.4106 -153.865 -320.834 -128.719 168.39 -332.047 -131.491 
-197.504 -297.946 -70.5528 -472.821 154.604 -135.834 68.671 420.927 -17.4294 -223.381 
32.6359 29.7993 276.074 53.6298 -337.979 259.258 292.408 29.2132 -252.627 -324.607 
-211.245 399.527 194.449 -271.786 -65.1912 -109.104 84.9714 32.4249 97.6543 170.142 
107.632 325.797 -132.43 -308.904 -7.81186 132.948 -171.288 -142.851 136.924 231.503 
232.79 -67.8567 -2.1214 140.97 -100.635 -204.44 -113.806 -255.571 -200.846 234.181 
-384.875 -199.808 -71.0266 -22.0408 59.2654 15.1507 -218.874 -15.3489 -135.582 17.995 
182.865 -54.84 -361.198 62.7144 -110.455 -53.2676 112.594 174.803 179.353 332.387 
3.03532 -115.343 12.7226 225.819 109.125 -6.67925 98.5275 84.1465 284.046 92.8397 
-89.6982 -3.7106 -429.965 -61.966 64.1127 -119.175 -151.643 313.829 381.241 374.238 
-88.1641 273.235 -230.643 -63.6077 207.43 13.6078 15.6479 -274.093 -270.814 231.771 
6.72616 48.5721 142.702 -236.61 -207.423 -36.4896 147.03 26.2105 104.529 -2.53823 
-252.34 -45.9839 -32.8788 -177.574 -86.8408 89.1738 -125.267 429.268 -90.02 -213.318 
-334.889 288.232 240.047 79.6382 206.551 -69.6732 165.007 -156.294 129.556 -7.53728 
-86.9849 -106.252 364.045 -48.7369 211.602 -37.5126 466.747 -359.576 172.121 -109.48 
116.431 568.15 -126.88 -294.783 86.6069 164.13 -20.0066 -241.138 479.071 24.6826 
138.407 -159.305 -216.649 250.928 108.341 -252.692 -22.6897 -0.249488 -277.862 -57.9945 
128.75 98.2235 80.0775 -274.229 -86.9935 -166.333 166.778 -25.7154 252.47 36.8095 
-37.1886 -224.408 23.3266 179.68 265.351 -149.667 8.20924 49.3762 -310.744 -110.66 
-53.2396 163.175 491.01 121.507 -131.666 5.5592 -544.049 -120.845 -91.3158 -144.972 
95.9911 -22.254 -287.443 194.419 -286.162 -19.2863 -62.6953 237.829 -275.589 123.543 
-176.738 128.542 -44.9604 106.649 -90.5041 -96.4652 83.7998 185.105 128.293 -43.2088 
93.7875 -13.3144 -52.3733 -367.972 97.7672 64.2955 -139.308 134.716 55.2816 104.103 
-226.81 -147.33 239.814 -101.213 -465.484 193.911 62.6167 -198.999 -25.5274 6.76336 
72.7506 141.223 -185.575 -329.416 5.45472 -132.875 -93.7524 388.219 153.671 -190.84 
-145.311 319.958 90.8469 -191.354 -66.0141 178.405 -182.78 110.17 193.963 54.3918 
96.306 11.7434 -26.5661 -72.5931 -98.8287 158.98 53.2901 -165.689 33.7508 127.144 
-264.612 -88.3364 26.6995 -352.654 -49.4629 -76.8975 -357.997 130.39 16.0176 -26.4392 
153.446 -39.5923 -267.232 279.135 67.3075 -161.701 -111.807 89.9256 -66.478 -5.23897 
24.5152 24.4646 -214.696 -10.3299 -54.5453 -68.6416 -386.827 119.098 -66.7711 213.621 
177.484 79.8156 185.082 -55.5349 232.73 -26.9646 -325.571 218.659 82.1052 39.4667 
188.579 214.57 -9.9593 -180.858 -546.447 197.549 141.602 -45.341 -117.431 -189.116 
61.2629 9.87103 49.2445 67.1009 -49.7316 310.825 -189.872 -189.507 -128.613 27.2859 
-45.2983 172.332 -36.4143 -204.778 369.89 -26.8483 139.264 -70.6569 85.1363 123.974 
-121.372 -100.206 57.4447 -183.585 -216.258 280.101 238.416 -415.293 -203.61 -175.107 
-69.168 178.628 -228.798 -254.416 68.0481 -77.0375 248.317 -118.745 129.118 -59.3052 
78.8481 361.546 64.9907 -477.918 -113.653 -247.034 -355.833 365.506 159.435 -283.003 
194.861 60.4977 -0.653348 -147.063 22.0303 157.276 109.334 36.9568 215.91 -47.3551 
30.7795 124.801 -294.923 -134.764 102.184 86.7683 -205.692 23.6181 258.026 -24.0095 
-335.247 238.105 218.574 -14.2225 18.9827 -117.562 -255.584 38.9583 72.8774 105.027 
-170.8 -91.8242 -275.567 187.906 -165.884 258.214 -413.939 -26.8792 140.055 -22.231 
63.9605 -9.41604 -1.88993 -18.509 97.1418 268.321 -325.039 -28.7962 205.598 -75.5625 
113.952 -442.914 -29.129 147.273 158.4 42.9505 -117.88 -72.3731 14.0246 -210.06 
-350.083 86.8221 314.775 2.86435 -189 221.552 -298.71 -377.952 175.375 90.0459 
496.058 87.8091 109.098 130.426 163.636 -281.589 69.1274 -15.5947 -161.193 38.5387 
-31.8223 -112.583 201.598 81.5967 3.36 -105.314 427.202 -219.59 2.73979 68.5311 
-96.4501 -247.647 136.483 -108.604 353.647 -207.67 278.08 100.049 -41.0442 184.007 
-224.456 212.642 -212.46 104.577 -128.04 43.3117 -314.832 -300.9 -186.556 35.3904 
-117.45 20.2876 351.197 -133.251 259.073 158.596 -216.836 -305.201 -310.099 28.996 
185.566 344.394 241.985 -245.611 -208.541 64.5228 33.0891 -231.4 112.597 47.9707 
-106.023 49.258 -285.262 -260.398 -108.364 134.896 -165.013 -311.501 115.82 -21.3458 
100.878 89.8148 -251.419 169.023 -343.236 -68.1373 121.188 161.327 223.339 198.016 
-147.69 227.044 221.631 349.233 83.2094 -121.498 -280.297 139.811 91.8805 209.434 
58.9018 16.831 51.1096 -130.974 66.2586 -147.006 -113.434 222.834 464.838 47.6472 
122.697 -135.438 -371.715 158.955 -95.0241 28.327 -128.028 -30.1393 -501.419 8.85156 
-286.017 176.031 -97.9912 -171.58 -179.202 68.2868 -221.413 -66.5677 93.7078 241.96 
102.577 -109.042 273.506 90.1743 -165.526 -185.207 -123.856 27.8202 -58.3032 -2.80052 
56.0613 -91.4015 62.819 188.59 108.186 -139.524 -61.3499 -120.397 65.5669 78.5696 
128.958 -140.558 -11.734 452.848 -70.4896 21.723 246.667 19.5568 -240.442 -18.0491 
233.681 -121.581 -145.024 234.597 22.262 210.349 -18.7924 6.88703 189.622 -132.072 
385.245 14.7733 -218.926 135.965 -78.4112 451.566 122.314 -155.527 -37.0137 -81.8395 
-69.192 -195.479 235.922 99.742 66.5403 132.09 108.367 153.896 -265.115 -125.649 
247.794 209.59 -53.6413 -169.801 -93.4851 351.041 -242.395 -73.848 187.969 -245.902 
-47.6425 -127.15 33.6386 92.1288 113.888 -53.6925 -210.32 182.07 221.71 82.1091 
-82.1097 282.807 199.246 367.723 -73.0051 -22.4191 22.2556 273.476 406.902 187.057 
6.86474 -47.7363 183.366 -245.574 -134.951 190.392 146.558 20.9277 32.8746 -128.466 
41.4255 97.1924 -238.562 125.308 257.054 -113.111 33.2764 293.012 358.011 221.277 
262.53 117.033 -207.355 55.5471 -31.5654 139.674 -101.035 -290.12 -262.583 38.9478 
2.75559 373.003 382.418 -291.746 -281.809 18.8474 -178.22 223.118 192.718 -137.391 
-75.927 340.558 221.631 -32.2423 39.5467 119.567 532.015 92.5031 223.739 -351.548 
-164.312 262.302 44.4882 -202.675 163.635 104.122 231.992 -132.39 161.369 -233.004 
331.692 -290.494 -328.545 -0.0449971 -104.01 139.698 -65.2498 141.167 -112.387 -144.759 
-5.74945 -161.787 -89.1125 -246.365 -155.648 -142.225 17.4091 38.224 300.83 -213.356 
4.23193 79.6897 -182.181 -489.551 -205.715 -12.0459 -346.807 -55.0097 -155.839 139.061 
-203.733 238.28 440.798 -238.133 -332.364 -236.669 -87.7735 149.089 -46.8827 -101.745 
-34.0421 -116.806 177.143 -368.526 -42.4885 -87.4389 5.93037 376.218 74.6484 -117.444 
212.883 -56.1137 -395.466 -66.5229 -381.555 -311.513 53.2617 175.289 -125.034 47.0825 
34.7613 158.378 -9.73128 167.795 150.526 -106.815 83.2563 -25.0126 -88.5002 92.6679 
-104.926 -73.3298 63.5588 -7.02666 15.0352 63.118 -285.654 -19.8111 72.0062 -132.546 
194.543 -102.213 14.3931 186.979 236.227 160.853 -417.302 -509.26 -37.698 124.648 
192.052 -13.5789 -156.164 9.53892 331.757 -309.961 -264.377 168.157 102.964 134.393 
-103.153 213.828 127.077 -145.652 -180.592 -346.085 -52.193 19.7819 -158.17 -171.18 
-170.747 -222.515 -93.9438 -184.013 -379.339 -46.94 -134.365 26.2082 -177.468 -193.331 
29.3702 71.6112 -107.318 -148.144 -320.438 -65.0249 80.0786 293.343 37.8834 109.381 
-41.9765 148.917 271.148 94.5531 -42.3947 -382.191 -190.34 -62.8185 75.1237 255.076 
243.936 -160.393 -276.832 219.538 -14.8141 101.556 -8.32351 248.867 -72.2462 -33.5078 
-150.918 -82.3438 680.801 240.521 -374.193 -152.928 31.1404 -45.4583 -295.308 -34.9018 
-103.344 -51.9488 462.717 -41.869 -148.987 2.74718 241.948 -219.793 277.872 -29.2192 
203.86 256.77 -374.475 254.976 -383.675 -164.065 -8.43861 24.0166 -34.8624 265.638 
162.676 -97.138 -21.7011 216.505 60.4951 -4.02909 -376.643 -12.5579 -64.7944 138.867 
178.2 -259.127 -37.2716 -78.2248 24.1836 -303.869 -54.3818 242.766 20.7169 -138.061 
-30.7531 -254.326 -216.69 106.008 148.011 22.4342 -107.394 62.4753 -8.6503 81.2977 
-292.584 -129.247 128.125 237.428 84.7875 -13.1699 110.742 -42.3336 46.0578 222.339 
68.5323 5.51294 -207.886 72.9152 135.021 66.2253 58.2235 41.5782 90.942 -47.0069 
-147.453 76.1652 78.7223 209.764 -6.50158 86.7699 235.723 -139.732 247.647 238.725 
251.592 390.48 -182.397 -167.735 145.997 -139.772 -208.802 204.319 -15.7716 -63.3951 
-207.139 63.1597 -225.233 -69.7952 -330.744 642.604 -229.352 128.94 87.4878 -304.097 
-210.615 -160.578 265.18 35.0427 5.78341 -63.56 -59.072 156.249 -140.675 -227.3 
-17.4607 -97.7963 -199.49 133.672 -123.323 204.935 -105.315 -196.915 -203.474 130.404 
227.125 13.6148 -161.337 259.971 143.538 344.195 257.133 161.336 192.021 68.1795 
88.7221 -155.934 320.915 224.742 139.711 26.7197 72.9333 -137.318 296.119 -40.2287 
-64.9283 -77.1304 -416.222 246.804 -104.941 217.336 90.3589 203.161 -242.594 207.731 
260.73 83.1834 -201.483 -22.9121 -68.6438 55.186 42.8816 -164.628 292.173 -227.053 
175.024 112.165 -374.476 -218.538 65.5043 304.98 -691.337 201.25 202.463 35.636 
2.44302 35.0338 324.593 274.544 -30.4722 218.955 84.4651 -117.718 -117.275 101.119 
255.777 124.062 -366.089 -347.751 -32.8647 97.9272 -212.009 -140.981 -153.087 279.812 
292.295 -29.0263 115.862 -92.9366 79.6111 65.6862 -30.0323 -209.784 -60.4036 96.0219 
-31.1814 -5.02529 277.009 -58.6064 512.457 -313.592 -114.63 67.9806 -207.966 -12.8032 
-0.483813 -206.087 -236.142 136.784 1.37434 -27.6406 -207.357 -98.1171 -119.179 324.836 
171.293 -2.81795 -149.699 -59.4115 55.8043 262.531 -124.584 234.146 -249.134 11.1019 
-276.054 263.327 -13.1477 156.962 -527.723 -475.692 -70.5619 21.8075 -354.909 39.6338 
-23.3793 127.592 -184.22 -310.732 96.1509 26.6474 189.039 80.0628 97.2099 -148.047 
220.623 117.106 0.757552 -232.657 -6.65688 -20.4911 -134.556 -94.606 97.2429 -47.4934 
-189.447 -221.397 138.279 43.1498 -98.9661 -95.345 -301.07 175.781 -60.1148 -109 
125.649 92.9564 -25.3384 -51.1647 91.2577 -62.4597 379.175 11.1759 -55.531 -149.21 
88.3139 -342.763 446.17 -161.009 11.7679 -99.5326 -127.469 -42.5754 -113.719 345.833 
71.7155 244.392 -9.89645 -84.8294 -46.6859 -174.978 130.704 363.581 166.45 -16.1418 
-169.626 -162.245 130.516 31.0376 64.8467 195.289 298.706 271.165 40.3732 68.6492 
-133.781 54.8001 300.06 145.783 -106.156 -96.3467 196.246 -248.769 89.9551 364.847 
294.396 76.5837 -134.948 169.577 -120.689 27.9878 217.083 171.053 100.894 -94.0032 
102.935 -78.8274 -42.0869 -104.75 158.749 -137.201 70.0096 -353.517 -76.2809 -76.0083 
34.4874 -124.024 -221.274 -133.717 40.8143 -23.923 130.19 138.557 163.929 -204.816 
-63.4824 -121.219 -36.3559 166.815 -72.9418 -252.817 -28.7957 196.617 -154.492 324.45 
-4.32895 135.863 -224.226 -36.1414 57.4498 108.929 63.3371 -80.6829 -33.0168 -99.4001 
42.2558 -108.847 -235.378 306.76 -64.2316 22.7852 -152.653 -99.0695 36.0144 -170.589 
106.242 71.7644 -40.2495 -236.826 203.203 -114.969 -207.83 143.689 341.223 95.3656 
-47.0348 23.015 -134.79 -32.4828 23.0987 -112.298 -217.249 30.7959 -393.223 -315.727 
196.471 -148.933 -95.5717 256.199 -60.5753 226.505 -253.3 -52.9776 -258.772 -146.406 
112.068 120.378 -22.6998 36.4688 -338.357 127.715 -106.907 72.5807 280.091 155.079 
257.599 74.2389 -194.501 -179.639 47.952 -46.3187 -74.0314 -8.14514 171.296 -111.008 
32.2895 55.8407 273.467 56.6405 195.76 -228.526 -17.8033 -91.3894 -30.9997 -15.0538 
59.6491 1.89671 281.248 198.852 -69.9073 -266.751 -183.755 72.7262 -204.449 28.7039 
9.14535 -19.1374 -327.74 -137.756 13.2767 -209.735 341.952 102.504 -183.6 -73.5752 
-101.876 -202.142 -274.386 20.355 115.771 81.0578 -58.7662 23.0864 -130.191 15.3565 
48.9928 -237.744 -27.0129 83.7738 -17.5175 181.243 317.943 -84.2966 -7.95085 7.22337 
-246.354 -240.304 -61.8315 91.7103 284.701 -9.15055 66.8263 -192.378 76.0183 143.234 
-49.5122 -24.7926 2.57848 245.446 3.48993 -0.0365071 -434.846 -75.9055 -311.378 -92.2741 
-191.901 381.841 332.004 355.15 15.5617 187.909 13.3993 -142.996 52.4564 -290.565 
-22.222 83.3218 423.652 -283.103 -312.696 -13.7192 -181.235 21.2738 20.4738 103.999 
133.935 140.468 -298.642 -178.536 -177.518 110.086 -181.289 62.5996 -126.741 16.7047 
-61.3901 -9.3847 228.688 309.249 -73.2966 -164.231 99.995 -306.017 -166.562 -27.6134 
108.855 279.573 57.0787 -411.132 131.413 118.787 -261.706 104.773 245.594 -203.88 
183.154 198.422 -366.678 -234.924 314.334 -5.28405 -195.231 158.265 418.216 267.105 
81.5941 197.274 178.846 -96.5454 -253.141 188.694 -129.18 2.11696 196.128 -178.604 
-386.645 297.658 134.597 56.4498 -86.8897 142.793 -19.2689 -155.036 35.0555 -57.3626 
260.629 9.55224 -201.217 12.1741 306.127 -335.205 -45.2102 -15.5836 67.2267 171.512 
68.6836 71.8626 -328.118 -24.969 16.5294 -22.1714 -348.064 245.551 -317.502 68.206 
-49.5028 -304.655 100.828 50.78 58.8201 213.246 87.8991 -128.125 215.776 -144.883 
241.243 -236.9 122.476 102.335 94.8481 -27.5842 -228.05 -157.326 99.6498 -49.6024 
273.053 86.0205 -273.729 126.866 -17.7488 -70.2217 214.394 -249.385 -335.674 209.601 
-90.1984 38.4861 240.885 -1.81454 5.94879 -216.792 -40.1597 85.9409 201.919 -155.452 
71.1006 158.373 105.493 -197.56 -137.045 87.4202 152.792 37.1778 151.556 48.3632 
-200.188 387.559 147.475 -138.994 -97.0986 -102.492 -274.855 281.41 84.073 168.359 
-92.8354 209.364 162.292 -109.362 -180.817 -47.4832 -432.37 53.2404 -45.2497 -91.4686 
54.2471 46.8877 -375.925 -76.4185 -17.4143 -302.498 403.419 -166.668 -319.342 -71.8139 
-220.777 -201.891 450.903 -159.853 160.601 131.636 -200.845 138.081 333.413 -68.2879 
-116.455 -292.962 -166.636 335.271 143.888 129.217 34.0297 100.916 61.2506 71.182 
-159.416 -212.613 -41.3879 -29.9935 122.793 19.7361 -228.252 124.27 72.2389 -8.79302 
106.694 -77.7468 258.838 203.058 -60.9345 229.162 53.5966 -9.88253 -142.788 -36.1151 
-348.528 67.4266 146.937 -227.031 170.489 266.856 -6.4219 -91.8325 -108.203 171.417 
258.692 11.9406 -328.999 97.8098 40.5044 -162.349 -1.88005 192.686 -56.4161 -191.376 
-21.9682 -64.2861 95.0471 196.345 -274.616 157.835 1.0873 -71.021 -256.697 -253.615 
320.201 -83.1211 -79.8501 -16.9719 181.829 -298.307 22.9611 -171.846 -158.286 -98.0512 
30.3509 182.219 -38.5626 177.676 50.4257 -155.692 88.5581 -37.9173 94.2229 161.347 
73.5967 -186.348 -54.3595 -321.682 -30.8982 -12.5085 261.501 305.339 251.558 -100.678 
-248.484 -332.944 -169.303 -84.0311 66.4831 -111.927 -54.1434 17.2987 -134.956 -107.422 
-126.031 -209.13 226.377 243.82 -142.903 -317.983 -53.623 111.526 -279.357 145.16 
-130.383 211.974 199.287 -77.1181 54.5893 -344.896 76.5599 56.7095 -130.983 118.374 
63.4246 315.252 53.9868 -124.231 -426.396 -184.728 -137.08 41.5956 246.771 65.7802 
-83.8588 114.252 -405.434 -479.855 229.448 -47.4412 -105.727 161.556 -231.302 -252.451 
-140.992 165.413 389.127 -69.8929 100.728 -92.4876 -8.3093 -60.9154 -218.837 -169.336 
-124.928 -189.601 -83.8466 231.835 284.301 176.224 526.045 15.128 -235.216 10.4522 
-300.366 -53.3007 6.29832 -306.811 -44.0092 412.76 -63.7426 60.5685 7.61655 29.4606 
-261.145 -86.1523 64.2203 -85.2933 92.9401 22.9236 7.00446 81.8079 161.727 -131.979 
-95.5327 301.051 337.89 -358.392 -113.761 -136.263 -236.177 -33.9903 54.4825 92.4863 
-28.5463 56.8056 2.86041 -51.3868 -117.71 143.237 -142.604 -408.291 -476.811 156.305 
-254.389 -228.093 -28.1642 -237.159 282.023 45.6123 162.71 -17.9928 392.552 39.0917 
-81.4392 132.232 -90.4593 -368.441 97.8985 -79.0791 224.904 61.3655 25.2793 -213.68 
317.382 -49.0411 179.069 -104.45 -61.9568 -208.431 -175.107 195.722 81.0926 -141.296 
-49.5317 103.879 -301.225 -37.4233 47.0334 -219.475 -113.653 60.6166 33.4465 53.4232 
-108.171 -44.6062 64.184 157.683 -125.317 -254.437 43.1033 -131.858 118.896 113.239 
-51.1037 -65.2994 -227.88 -129.527 26.9278 138.22 -175.499 35.6216 142.379 259.078 
99.255 -127.021 41.646 -13.8618 53.0104 -174.078 -49.687 182.666 201.04 135.756 
-89.7376 -50.9411 -17.0919 -452.571 104.54 -52.7404 -110.873 96.143 42.1509 -269.335 
-25.9769 -34.1341 -218.305 -96.2793 102.889 -223.832 92.3225 137.568 133.847 12.5555 
161.761 68.3753 158.429 -199.449 -182.33 109.993 106.792 -14.0055 99.3573 13.2299 
-224.291 -357.807 163.206 -136.607 -16.5196 -156.074 -51.7034 -83.9114 -254.196 -23.6131 
75.85 -14.8341 137.88 281.114 -164.357 -157.029 -148.637 -163.714 -38.1432 85.2367 
38.2984 -92.0581 -167.894 -126.543 613.612 -192.298 210.744 -116.157 131.216 136.842 
339.91 -11.4698 198.236 -191.674 27.7427 289.459 -9.85277 -167.263 -42.2634 -234.051 
-172.698 -302.679 170.944 -41.8063 241.582 208.135 30.5612 111.263 125.234 -70.9608 
-80.0372 24.523 39.2316 55.4477 -374.062 -8.85733 -79.2761 -179.449 -384.085 -175.234 
-22.6689 -214.126 119.198 -359.308 129.437 240.466 117.336 -316.863 -136.006 141.362 
2.34349 -133.516 -146.06 -56.4841 -89.197 -89.3503 43.0582 199.639 8.07941 -23.2615 
-290.009 -47.5201 -168.747 7.92088 84.1921 -67.8253 -120.365 42.4447 146.803 93.9793 
10.069 -316.93 250.12 144.69 70.4682 61.7475 125.041 230.306 200.015 -167.397 
134.094 343.582 409.386 -325.819 -286.7 203.137 73.7235 -342.838 78.2432 -70.3499 
-125.197 123.484 116.65 164.098 -200.613 -2.95577 -264.105 -81.9419 -32.6567 -9.77362 
229.139 -124.087 -203.029 28.5745 -75.0383 -79.7629 -236.425 35.5245 -224.841 -103.327 
-159.327 -160.987 131.018 158.756 216.744 225.176 -278.286 32.8803 -85.5247 315.252 
164.729 104.726 131.15 -113.216 376.183 -123.974 -19.1159 202.094 -157.842 80.9817 
-208.464 227.497 232.223 127.299 -126.63 -369.759 214.362 458.916 -38.9313 -58.9347 
-425.098 294.231 -91.731 -344.841 293.674 90.3651 215.003 102.528 287.646 -60.1408 
137.295 -259.952 390.88 0.153463 38.3797 -175.57 194.637 -318.801 100.866 -225.32 
459.235 -78.9274 223.582 193.592 297.505 222.071 215.993 -122.833 362.316 23.3888 
0.61773 -182.826 -193.954 -187.196 94.987 23.5933 69.333 -166.923 -201.2 207.34 
83.1505 -5.72715 480.004 88.9295 35.6598 -284.825 3.7813 -137.021 89.0434 -35.3708 
0.904646 34.6015 208.907 240.103 10.2495 77.8998 -282.08 -75.0735 -224.938 31.4446 
262.616 -97.4967 209.179 -196.007 412.034 215.307 -84.5275 -424.581 -78.6255 70.9259 
-209.03 40.4054 -183.905 23.5289 -88.2462 10.3656 193.698 131.305 -155.491 106.136 
-302.464 512.467 42.7023 40.2775 -184.845 -81.6246 -11.4093 -39.0023 65.286 -170.784 
-108.845 -26.789 -33.7785 170.995 -216.297 123.846 -91.6629 -83.6025 -28.8932 374.487 
323.731 -436.312 -415.963 -222.435 -26.1562 6.13681 265.215 236.116 74.3428 -296.102 
-40.2071 -40.0367 131.646 234.89 240.281 -48.4143 80.4566 -37.6687 503.619 252.733 
427.144 236.774 -327.007 -27.9841 164.843 27.5171 33.2949 -325.211 -439.117 143.32 
79.6526 -120.032 24.4062 -134.834 -349.397 210.455 126.206 264.119 88.8178 -92.9569 
91.6872 -239.31 -29.2241 -19.8255 213.147 227.074 -148.718 208.831 238.58 21.8303 
506.68 -221.426 -165.586 422.396 258.057 -137.563 -95.4318 -87.414 6.38913 -79.1688 
116.348 -20.9828 11.7158 171.578 -142.504 -127.007 -226.396 -12.004 -103.657 -117.932 
47.1533 122.267 -343.379 -433.381 -153.17 114.386 -113.439 -47.3178 -235.662 -219.822 
316.117 306.051 -235.976 -277.295 36.1895 14.274 -30.4019 -389.771 -27.9469 -64.8539 
29.2419 -163.928 -89.8163 241.314 -233.497 281.396 -99.3419 31.1958 -311.068 79.179 
205.758 176.273 -76.8738 24.5115 -50.4249 50.7089 -238.612 189.116 186.439 -7.90014 
157.153 -65.7205 -2.08022 -36.0285 160.515 -315.229 157.203 -16.4791 -20.7766 19.0372 
-3.23878 -549.349 171.878 -97.5422 -127.128 220.068 173.08 -311.379 244.523 -177.135 
62.4258 215.634 -416.517 270.962 -225.287 205.175 218.607 -219.975 -212.139 -88.2635 
36.7787 144.093 -189.609 -7.47519 150.476 -99.8129 215.902 122.03 216.9 -4.26659 
-162.646 -156.339 -48.8652 87.7057 -15.8543 -98.416 503.895 78.7951 324.95 132.728 
-277.742 88.806 -413.45 79.8754 144.319 31.321 28.5104 -198.772 -75.1489 124.551 
-109.521 16.0583 -183.304 -7.80116 118.548 -123.477 -588.124 97.5024 -154.511 65.2284 
-466.801 150.841 308.53 -6.59912 58.7617 -151.876 -272.819 -132.029 -244.069 125.695 
34.675 241.563 230.779 -118.993 -163.682 430.923 100.091 -157.828 292.086 -91.3891 
177.155 -285.927 110.442 182.965 127.265 -181.848 -10.7763 -127.608 37.2395 -191.881 
124.044 59.6657 -278.405 -84.5026 -158.718 42.5092 -124.19 197.816 -160.197 -55.075 
-219.4 111.802 -45.3618 -87.3977 275.421 -76.3851 -358.101 -213.885 204.075 145.475 
70.0899 146.044 -21.194 15.7865 168.269 70.7103 34.8429 148.088 14.6706 -73.8657 
9.97032 -19.2308 -30.2531 -135.07 21.5624 25.7781 277.918 -109.474 507.965 -124.972 
-54.731 70.7947 421.043 -187.173 303.147 124.992 -175.58 -25.6985 183.848 59.1465 
-211.199 26.7397 -132.469 -30.7263 -421.598 -13.9233 -228.527 157.113 -71.0464 -318.406 
-39.0719 144.081 28.0588 -70.2002 -295.481 545.831 -225.257 35.4966 -351.017 -327.238 
223.853 179.887 -8.52857 -105.277 -296.15 -340.896 115.012 173.342 161.958 16.951 
22.0087 -300.445 -263.369 -68.178 -78.2719 88.324 113.976 642.958 -19.8931 -133.301 
3.54517 -101.564 191.667 -215.71 35.3003 -228.053 -259.001 302.828 530.115 -8.62618 
-127.364 43.9207 -389.017 152.584 184.098 -216.601 -36.9438 215.84 -132.924 235.58 
-18.1142 -157.598 258.253 -46.1575 -258.178 -215.439 164.016 191.364 -518.468 -68.8089 
-129.241 108.209 -273.805 95.2134 -125.017 -102.19 242.562 295.264 -24.0267 -348.63 
-246.266 -77.5881 -174.291 50.1216 -238.26 105.196 227.377 87.7973 103.566 44.2682 
-215.426 211.152 -486.411 124.746 -50.989 175.259 -263.724 28.4878 367.214 251.081 
293.136 -96.5213 8.94994 -244.255 -320.698 114.573 -47.906 -335.28 -192.82 -39.5942 
-49.2539 20.6401 -112.808 9.67122 315.041 -273.644 -452.309 192.979 -12.8149 81.4335 
-53.189 -286.777 -115.627 39.7145 -18.6092 -135.805 -180.898 70.8266 -190.983 -52.0776 
53.6286 231.205 -38.1412 -130.764 -288.729 -31.4962 -286.729 249.203 -38.3008 -182.358 
-129.795 -86.9032 -196.502 94.4103 -233.425 140.074 -34.8761 -84.8185 -97.9665 93.4082 
130.746 130.946 467.224 133.868 25.3478 -126.096 66.3713 -242.9 181.32 -58.5535 
243.964 226.513 46.2234 70.0089 -128.134 -43.8056 213.295 159.127 -70.1072 -58.0915 
-96.9643 197.744 75.8435 -144.401 147.304 -15.1511 -120.183 60.1402 209.78 429.665 
-147.234 -373.118 10.1886 26.2479 -213.411 118.517 8.85869 -22.7298 -264.638 -9.9729 
355.434 -49.2396 -326.796 304.007 -103.795 -124.799 128.488 115.46 -130.921 -244.527 
-250.596 -40.5796 -328.864 150.389 -257.836 178.952 91.8061 255.531 -97.3176 17.3743 
113.16 -157.465 -118.824 -254.493 387.768 61.9593 -41.309 -344.194 62.1735 85.3959 
-11.2188 153.417 -284.465 -22.4865 118.23 -161.598 -567.452 85.0338 142.241 57.3766 
42.7326 -135.067 70.9585 -254.389 -148.095 168.142 -25.4339 -284.922 -283.978 -298.623 
-220.467 -213.862 -39.9081 -79.1766 -282.996 -41.4153 218.819 -1.41958 415.622 -22.6157 
8.22886 260.178 -220.612 12.5385 69.6154 -39.0625 133.627 347.527 8.38043 -152.098 
281.709 217.232 108.343 -113.21 261.653 109.616 97.6109 -358.559 178.55 55.0612 
-28.145 47.3554 -223.727 55.9329 97.8158 -446.575 -110.307 97.0859 -11.7071 195.43 
301.151 -195.799 19.1096 -423.324 31.9866 121.294 101.909 299.185 359.06 -482.738 
-5.61405 147.952 471.427 -18.0294 -109.759 110.167 -150.227 43.9913 35.3281 -194.198 
6.66371 -120.731 -13.6551 -241.063 -307.133 240.707 65.1995 54.353 -139.811 -200.626 
32.0366 167.646 -220.564 134.78 184.111 -229.605 -288.434 -103.881 -348.581 118.487 
74.4217 -223.754 39.7285 261.979 156.658 142.875 -53.2299 -73.5329 -174.423 -337.216 
-21.7774 -288.382 162 -45.1729 20.148 30.6789 -239.603 144.468 -114.436 -214.87 
137.027 -239.591 -327.889 -54.7772 44.7975 -32.8401 345.939 -8.99811 144.528 6.1284 
49.053 302.975 -282.946 151.552 196.427 -120.587 -146.59 -251.53 -105.169 31.054 
-8.27936 -112.538 334.24 58.5639 109.109 142.187 5.31971 -26.2234 -108.574 -132.059 
54.7712 68.211 141.935 -339.105 -67.4582 -60.6068 162.246 -51.1583 341.688 -216.828 
-263.496 -56.3246 363.146 68.4125 133.467 74.2596 53.249 -232.375 -137.678 -217.37 
-30.2114 -249.341 100.696 175.383 -188.249 -55.1542 -271.997 -229.818 -260.461 -73.3922 
93.9665 -173.731 38.4233 383.654 -168.759 -469.723 256.776 -44.5057 -172.799 -134.865 
-184.81 -180.915 -96.3077 -202.468 164.33 677.76 45.578 179.342 118.276 -121.083 
-38.5008 466.231 274.837 -53.1633 99.3477 -119.786 -230.628 -130.527 249.595 -154.572 
-36.1945 42.2038 -69.3993 312.025 149.615 -220.095 68.5886 -132.677 72.874 128.601 
79.8681 -83.7772 199.795 -160.638 -3.15664 -9.57304 -35.3252 -166.248 -163.558 -370.348 
-453.994 4.84809 -83.6134 16.1746 -100.291 -68.5299 -159.475 54.9791 -172.131 358.852 
5.27136 -106.993 -288.414 102.429 -178.216 78.2762 521.251 68.1886 -256.219 -306.037 
81.5869 106.73 218.25 -148.357 171.152 -11.3746 -99.8251 -125.392 -25.3751 -187.868 
230.814 152.717 -222.334 -286.153 -103.808 -177.83 126.504 147.349 138.418 79.5318 
139.414 -137.376 -55.2807 37.3857 -157.833 85.5196 -312.055 -155.051 -95.5919 -201.414 
-172.238 209.314 -324.531 37.1363 -97.8707 84.6681 -220.311 -251.919 500.652 92.0782 
106.057 119.282 -262.456 -98.0102 -125.778 242.6 233.596 54.5098 124.586 -92.7495 
-406.865 -140.878 -132.599 -91.6216 7.16938 -262.534 219.984 71.9566 217.562 -33.8316 
-63.0725 -153.454 -120.98 -328.719 -300.76 -119.419 -269.702 377.689 -50.9415 -215.123 
157.623 148.96 -6.78532 -79.9238 -149.385 84.5107 -122.444 -292.959 25.1852 -122.312 
34.8844 -241.653 -118.103 -44.2193 222.065 138.121 -16.5771 -184.17 210.672 75.4299 
94.8085 -25.5948 96.2913 -57.6159 39.5204 -111.295 -236.558 -62.6779 125.119 144.732 
-62.1283 308.06 102.821 -71.9191 -59.2055 509.389 -74.9093 -194.206 111.464 -22.0502 
-90.2354 273.04 458.505 -72.3414 -30.6421 -49.358 -19.7769 -217.635 95.7029 5.5588 
184.656 -57.8026 154.399 -68.5848 -81.5242 -9.52758 -104.887 -79.1477 -253.407 -286.588 
63.6805 305.919 -59.0344 177.028 20.6438 -133.426 -6.42361 -177.004 -14.9704 -97.1317 
475.591 3.64407 271.633 268.99 570.626 -461.91 113.608 67.055 536.235 -70.4146 
-152.696 192.19 370.266 -175.495 102.17 8.28979 372.945 -496.84 -241.163 226.999 
32.8738 -35.0956 -48.1944 245.87 -167.145 135.04 258.542 47.7754 -266.994 -103.907 
-196.101 -327.885 -97.2334 113.587 248.671 18.2291 -32.3011 322.178 470.703 20.6888 
-220.925 -180.61 -252.387 71.4718 223.351 204.815 245.431 -223.011 0.83057 -175.486 
-204.738 10.1713 143.837 1.99504 -12.3867 -60.8913 433.006 39.3488 -13.7164 -145.038 
-2.80699 164.201 -397.521 167.857 -32.4341 -385.752 -105.452 188.075 509.9 225.524 
-48.703 234.936 -188.335 -213.611 356.956 -357.208 -198.322 -52.0035 60.5712 367.098 
77.1278 -97.8411 -381.494 11.1607 12.7115 353.025 -372.045 297.237 -94.453 241.056 
-44.1368 -195.87 -46.4615 85.3255 43.6726 -409.032 117.347 215.418 -100.3 -113.233 
-182.03 -247.918 38.4472 -22.2518 67.9159 -159.881 204.929 -86.0149 71.6493 -117.049 
-23.103 134.58 85.7016 -150.026 109.46 367.411 -54.0022 -108.078 -62.2714 26.9047 
-207.431 -48.6317 97.7026 85.6146 -286.218 109.245 -235.345 -14.3745 104.944 -145.31 
-69.4417 -39.8115 -9.32633 105.247 -228.396 165.624 333.168 39.0096 -147.518 127.278 
-65.4506 159.705 166.777 -449.845 -140.301 -305.496 -267.289 102.423 -59.2939 -149.228 
-159.926 314.779 -243.548 -16.8385 -167.069 11.6382 -200.158 -108.318 365.096 322.07 
-115.643 -246.936 47.7084 -7.87579 196.731 91.1318 20.4807 -73.9009 63.1339 -144.227 
-104.188 122.173 -240.463 -173.276 -145.158 236.265 -205.589 82.1652 65.837 52.0327 
-189.23 90.5375 -133.975 327.72 -100.003 -116.628 100.988 -203.883 161.717 -50.9057 
-112.438 177.442 141.855 204.431 -131.311 39.7784 -140.689 -56.7666 -40.5491 -275.072 
112.636 -73.8346 158.552 226.686 -298 29.5702 27.4159 62.5247 14.2115 -141.79 
-70.2856 -172.862 -9.93492 -535.981 118.191 331.475 382.99 182.454 260.919 -344.094 
62.1534 42.6612 314.797 -269.578 514.267 -381.201 -351.179 43.4834 10.4869 127.821 
-58.9192 51.1959 -167.906 56.1554 80.2605 117.381 275.058 205.315 235.191 47.4289 
-90.3357 94.4225 183.748 -25.9496 182.31 -51.9879 263.373 -74.854 -213.578 0.953969 
96.055 -432.55 -457.222 317.109 236.982 -305.955 134.712 374.336 -130.665 -113.965 
-32.1802 -227.547 -102.095 158.213 389.36 -385.193 -125.712 92.9553 -65.1313 32.3246 
66.8964 195.831 223.697 -160.75 -64.2539 -15.3083 -86.0492 59.8934 -33.3223 -264.825 
-14.7868 -132.361 -31.2981 12.1049 241.365 -88.7272 120.681 274.864 277.94 -269.614 
53.251 155.1 -53.1426 -46.6942 -189.14 -284.275 314.165 361.443 49.757 -165.305 
77.1571 -144.825 188.563 -37.8292 195.955 122.179 238.553 81.8152 308.949 -203.565 
194.179 129.986 4.99045 36.2158 -105.248 -158.081 168.693 166.171 121.695 -111.175 
-149.424 53.1982 269.295 -34.8911 191.386 -305.632 171.478 308.048 215.297 19.5891 
81.2277 346.249 131.241 -134.867 -103.951 133.312 211.97 -389.61 -207.788 170.321 
157.006 15.9254 -335.501 -97.8784 292.541 -289.879 -364.128 257.87 253.661 239.5 
-299.835 -264.789 0.527635 -24.0574 173.81 -526.853 10.2222 193.296 170.036 139.508 
433.07 -273.704 -377.976 119.002 -154.301 4.50203 145.143 266.699 -0.605411 -139.04 
182.524 16.8132 -5.44394 -306.938 -389.27 183.245 -86.3636 71.1246 95.2435 -45 
-53.0937 -182.835 -26.9906 88.0814 -38.3485 274.785 89.5574 78.4395 -64.6224 -180.829 
-194.605 78.5697 118.365 -147.67 111.422 356.995 -156.6 -446.81 -545.148 -58.8997 
104.608 -68.0975 -61.291 55.5664 27.1887 -262.041 -185.711 -8.22862 -293.125 170.644 
-263.15 99.8397 10.3764 -55.2447 -312.506 261.633 -104.898 -32.2974 -442.572 20.0055 
241.562 -151.708 -436.076 153.221 -134.89 -151.066 -29.6843 -200.123 -199.755 295.507 
-50.097 73.9001 71.42 46.0225 -160.401 -231.097 -10.1885 34.3659 111.459 -168.859 
200.684 144.44 -109.256 0.705566 243.172 -239.328 -51.423 142.014 -52.4171 -41.4035 
-219.922 122.032 130.64 -125.939 -81.1621 -33.8937 -154.397 6.82483 -79.3348 -127.439 
156.341 82.471 130.054 85.6738 284.807 -14.1125 90.0042 52.3607 -61.8666 9.82842 
-178.612 -533.759 286.552 157.657 193.351 -31.6768 163.31 -172.134 -138.976 -13.6286 
-204.922 168.202 -86.3442 465.737 -368.759 -59.6517 -125.155 -43.6782 -581.429 322.861 
380.99 80.5751 -109.762 154.557 -131.661 42.0945 35.4227 129.247 101.877 -384.644 
-129.848 295.827 127.684 -100.356 298.758 -66.144 370.47 78.9303 329.875 35.9189 
-466.828 -53.6827 311.764 -114.898 39.9861 -146.318 -6.72668 450.296 35.0044 -50.7552 
-134.124 35.5859 59.9937 -48.4059 365.985 31.9548 196.673 -121.585 -409.885 -29.7794 
246.999 -534.182 -212.305 17.5574 51.6998 -6.25648 -127.127 -26.0134 -100.299 -123.657 
22.4551 21.2199 -30.6571 -64.7941 109.663 136.822 -46.7936 -383.21 -97.3794 1.63814 
214.427 -301.781 -12.1835 363.818 122.36 -332.466 -25.6453 359.009 -76.8348 84.4563 
210.105 -56.5454 -239.269 268.542 10.9953 -325.805 -172.847 -12.197 157.721 -63.9112 
68.2386 -75.6145 -42.7716 129.69 -15.7506 164.026 21.0103 55.9179 -136.538 -225.771 
-118.772 -150.701 -229.701 270.98 217.352 -70.1399 74.1622 280.32 -202.491 -22.9858 
59.0088 -80.5768 -47.1069 150.943 -63.6307 -82.2036 -41.7822 111.811 -362.027 -38.6639 
-312.372 10.5592 -174.405 -204.191 -88.8658 -56.908 165.563 -84.7425 220.86 30.8884 
49.7586 -127.087 344.961 -28.3459 137.979 -70.4549 -68.5362 49.7906 -13.9746 -418.498 
34.5705 251.01 61.221 41.4373 -144.581 13.9398 69.1359 46.2303 -81.9716 198.319 
-252.605 7.75489 81.3797 -187.463 -36.4867 154.312 -311.865 -84.2278 -123.423 -128.842 
232.097 -20.7712 -113.712 144.34 134.026 39.9716 179.612 74.8441 -314.651 -177.182 
-151.602 -645.799 52.1 208.348 -120.662 213.837 24.4817 -175.182 -404.027 4.42925 
-151.687 -30.4046 199.46 230.681 23.2952 -43.2631 -313.062 -191.047 -50.9628 4.4311 
-15.7829 -283.332 107.458 -210.988 258.936 187.605 249.675 -76.3479 -94.42 -179.881 
-63.4235 -127.549 111.874 -6.1408 -117.752 172.837 -186.693 116.878 -145.414 -0.0814932 
51.664 121.603 6.40676 0.794094 -17.2337 515.364 156.182 -264.651 122.791 121.255 
44.4875 159.304 7.63126 -287.987 -67.7319 -60.5502 -355.172 167.632 -272.219 -125.751 
235.443 236.81 206.709 -212.498 3.76029 -207.87 116.381 -121.066 46.8242 14.7411 
319.458 8.06789 -0.0460164 -89.1811 -49.9211 66.9957 -68.8765 -83.9198 80.5901 39.4817 
-124.068 -300.728 350.844 -209.487 178.673 222.572 231.623 21.9143 151.872 121.554 
-426.96 142 -19.043 -603.763 138.342 202.624 46.3971 36.1519 116.517 -107.184 
-269.181 186.298 -31.547 -72.022 30.0123 -192.826 192.992 93.0358 194.437 239.079 
-89.1874 -63.2728 -195.626 204.703 -4.54843 -1.92691 -342.12 52.8416 -22.2145 -112.404 
2.02738 -16.1207 -202.695 38.2565 1.36839 -230.233 297.374 305.872 -37.4088 137.927 
280.617 -43.7352 -95.039 471.441 117.811 -16.8768 378.667 -407.474 -1.24161 207.467 
-154.998 215.068 -37.0296 191.036 76.4146 -51.6298 -207.534 -99.7408 24.0799 111.676 
17.4763 -108.3 -42.6434 58.3525 200.099 -305.002 -114.064 -175.643 -340.038 152.564 
150.771 -235.427 161.718 260.543 30.6588 -5.68188 136.92 100.672 411.806 37.6072 
-258.693 214.686 -122.671 -358.643 188.709 -16.1389 -300.868 93.6727 240.833 89.2527 
-69.9697 -182.447 30.3025 57.2106 173.591 -111.188 150.353 100.417 -71.3393 233.108 
-235.078 -324.275 -149.593 31.9825 -51.512 67.0536 290.859 294.155 -190.053 -9.17195 
-2.17309 -59.2616 -74.3516 -297.309 -163.481 -156.52 142.768 157.258 -170.073 59.7712 
81.8954 19.6884 82.6958 -44.4997 25.3385 248.424 -178.153 111.09 -73.3806 192.569 
-124.524 -12.8417 235.85 -101.358 0.483922 -228.352 -32.7157 54.3973 322.919 172.303 
163.929 315.615 301.815 -193.649 -43.9917 -105.748 315.317 104.427 516.194 112.853 
-53.7334 -98.989 -1.5984 -54.1536 129.804 210.892 549.982 19.7447 -135.214 44.9481 
90.3009 -62.3046 111.672 243.803 -459.069 185.043 192.779 -38.1937 -220.036 -3.00991 
-205.352 103.086 -107.658 -37.8287 -113.635 482.715 -115.587 -315.222 -325.993 -54.8708 
364.455 155.029 -88.2626 35.5866 24.8384 180.409 272.542 -289.52 -89.6002 4.68453 
-278.453 -72.4319 235.616 158.074 34.1012 -191.416 155.911 -172.416 -61.5153 31.7451 
-279.051 272.607 111.268 -241.148 -68.8875 101.152 -149.75 4.55524 87.4897 227.551 
258.865 1.01101 -26.192 -5.68444 -156.423 -47.5799 -262.344 -109.02 -214.104 57.0224 
68.3349 -175.766 -241.465 78.436 -18.1675 -145.061 -66.3556 269.438 -98.3626 488.615 
74.9574 -208.002 -112.697 -231.778 -250.658 220.125 -115.456 -204.931 -53.6174 -27.3883 
207.621 -137.403 -107.129 -172.605 -51.0161 -83.5566 -132.609 211.865 170.612 -450.605 
80.5305 -114.674 222.266 -261.066 37.8458 -212.505 50.2581 -2.68728 -11.6777 -135.312 
-46.9548 14.1373 -24.4494 -342.563 -125.114 -386.211 165.645 48.2558 177.602 113.908 
-358.341 -266.105 195.575 129.556 -127.543 97.925 267.32 -133.131 -277.059 -3.41505 
263.486 -122.325 41.1315 18.0223 77.0996 129.598 -106.726 245.639 -142.384 -94.4816 
15.6762 170.223 127.528 -377.488 -167.47 40.9398 -94.5449 -60.2565 264.204 57.0888 
186.715 410.673 44.9288 -350.861 149.433 -291.527 -312.921 172.977 340.088 40.0008 
-347.569 211.92 -88.3589 -361.949 -577.334 -64.5178 25.0597 99.3094 -118.926 -85.3036 
-17.4912 69.9652 13.9282 -372.027 201.592 -156.728 193.507 -249.591 293.929 -2.56496 
116.383 145.133 184.146 90.9446 69.1199 -296.685 -19.0261 -70.2998 -249.122 346.89 
135.052 129.063 -38.3526 174.177 269.125 -17.6191 -279.701 -101.879 -93.7154 119.271 
-29.1295 -184.594 -38.1069 157.002 80.1387 -244.444 116.87 -131.068 -230.409 -80.624 
-168.818 308.021 -99.6178 -57.2727 -55.004 79.1032 -87.1149 99.228 172.049 -72.7224 
-405.278 134.305 -32.4211 212.905 91.3922 -6.35319 -331.33 -255.995 75.5155 223.629 
253.121 24.5181 87.0907 -213.175 133.383 -191.266 -185.951 368.026 -8.98532 -259.435 
26.9343 -107.57 -155.207 68.1955 314.083 -88.5467 -473.289 26.1959 -127.94 -54.831 
-48.2822 57.5151 -140.046 -119.923 234.08 253.671 27.2757 -235.034 -75.248 444.321 
-177.05 -465.191 -232.069 7.81579 -124.59 -139.974 -177.905 269.859 -229.617 -72.7388 
-84.7562 44.2885 81.4529 450.886 125.773 -158.857 266.944 -300.706 127.049 329.548 
93.3259 64.0354 195.172 -402.561 476.256 -135.918 -177.787 197.996 199.949 -18.778 
120.2 91.9363 -151.201 298.171 -111.804 -121.937 56.9735 207.879 -150.108 2.30259 
-137.133 28.4695 167.796 -8.9256 418.699 -89.6661 -421.807 -69.5954 -156.547 94.7441 
-12.1921 -21.1202 -5.20905 -77.4148 -107.482 -186.73 -13.0778 294.106 163.254 134.344 
489.429 -109.268 -43.9326 118.055 -202.768 47.5966 -144.456 73.7675 42.1054 -151.897 
-18.3528 230.084 143.352 38.83 -6.05857 303.472 288.02 24.5976 -57.2886 -427.62 
11.8702 -331.154 19.9271 -110.328 -60.0747 -120.493 305.92 58.6204 -282.402 -187.014 
26.4414 146.773 42.7403 -185.575 59.6492 82.7606 50.323 15.3761 -22.9024 -278.218 
204.818 -179.146 67.5078 49.6186 157.323 -53.663 83.5271 120.028 123.825 26.2571 
-102.215 63.0572 -78.8682 125.826 249.096 60.738 -181.74 -360.231 159.503 -181.579 
224 -168.417 -290.841 281.156 -195.76 -130.132 464.711 270.134 201.878 -68.8518 
109.067 -77.6872 -72.5376 181.246 -246.828 -101.005 175.037 -367.197 170.654 45.2093 
558.852 127.269 -281.135 -189.83 -94.0783 -177.082 -161.915 -30.4035 -194.928 -125.86 
-67.3378 215.746 -84.627 -426.649 -252.663 298.78 -349.351 13.1792 107.337 117.667 
164.532 149.773 27.7787 231.535 -142.825 -91.8141 -150.565 108 201.738 -127.191 
95.038 -10.7598 -337.187 -12.6004 75.7976 -133.278 51.4114 153.041 -87.8816 -0.463705 
143.385 19.0357 -50.9762 152.374 -23.1176 -126.836 -213.014 46.5128 -18.165 51.9616 
276.127 -304.707 51.156 29.0033 99.124 -145.382 -299.501 270.96 -25.0664 -18.0437 
13.7265 228.503 -72.3585 -251.57 15.9182 -38.6621 186.2 -168.81 -74.6628 -377.064 
285.25 515.811 -250.047 -258.788 -176.906 375.829 -239.836 -374.055 -12.9844 -99.0948 
209.885 57.832 -34.2388 111.226 187.285 -46.8728 219.588 -197.921 122.835 -15.5214 
-74.1891 -52.8868 169.124 55.0874 69.8267 35.7399 252.908 -103.598 111.709 -189.525 
-131.074 68.1303 203.639 -188.786 -108.99 300.957 66.119 -206.959 194.156 -122.343 
-208.831 1.64203 347.975 -142.116 -67.3499 30.1088 106.077 -73.4336 -27.9123 -350.286 
-10.7632 -72.2475 -180.014 221.288 -78.7798 81.1547 -436.885 30.1621 -65.1961 21.3922 
-10.4966 -157.399 14.0103 87.6856 -17.5296 199.246 -173.76 99.8507 -61.6286 228.991 
-48.028 -156.341 237.677 159.424 -67.4779 -85.0633 132.142 65.2898 -14.2282 -244.348 
-66.2023 -236.105 -283.204 137.824 79.5789 296.883 -139.549 -246.315 -88.1489 144.171 
16.2152 -6.57488 104.138 14.8054 34.2476 3.60131 -218.176 25.0594 99.0018 342.4 
-57.7619 -36.1724 -19.3764 -146.412 138.129 15.0517 203.89 -54.4258 364.22 165.31 
370.129 33.5319 -117.468 332.191 -149.869 -71.9837 192.621 -390.871 -62.6234 303.702 
57.0216 7.69344 -445.433 85.8253 -50.5419 -79.1973 -252.738 -210.618 -92.2453 55.3269 
220.697 91.0612 425.027 70.9434 -589.551 -120.255 96.4108 -114.572 -214.84 -167.667 
44.424 169.288 -215.272 73.1143 44.8536 -179.421 -224.717 40.0655 -14.21 48.9885 
-76.8814 -109.661 38.3107 247.825 43.4533 -34.4706 -131.512 60.5455 -76.1551 -90.4053 
-56.4666 106.107 -276.098 131.927 -43.831 -197.926 346.04 -12.2035 -20.0792 85.9293 
-111.272 -187.327 -203.419 85.9094 -113.82 -79.3609 271.339 110.687 -3.39857 72.5058 
335.66 -32.3566 -40.5418 -193.756 -466.193 211.764 402.033 -83.9921 180.523 -110.788 
63.3996 104.095 198.69 22.3548 -198.099 -163.634 79.5923 -229.383 -236.214 -67.6211 
19.0233 190.692 34.5831 -155.918 50.4857 138.917 -239.833 27.9609 -170.424 44.8128 
-312.537 -28.4856 68.0813 -65.3613 69.4052 -11.2132 101.56 106.072 74.6188 -24.7927 
144.405 -397.42 -2.32216 -183.151 178.383 -153.329 120.482 239.623 -55.5639 -216.863 
433.873 -104.127 11.9849 -126.027 -201.355 107.077 35.0473 244.346 426.627 241.295 
-210.742 -157.947 -333.863 -259.076 124.104 -154.309 269.709 82.7879 -192.603 133.166 
187.603 108.251 106.652 -234.158 -100.352 54.0719 309.626 92.4074 71.8297 23.3282 
